step,query,infer_s,eef_x,eef_y,eef_z,eef_qx,eef_qy,eef_qz,eef_qw,gripper_q0,gripper_q1,joint_0,joint_1,joint_2,joint_3,joint_4,joint_5,joint_6,act_raw_0,act_raw_1,act_raw_2,act_raw_3,act_raw_4,act_raw_5,act_raw_6,act_env_0,act_env_1,act_env_2,act_env_3,act_env_4,act_env_5,act_env_6,akita_black_bowl_1_x,akita_black_bowl_1_y,akita_black_bowl_1_z,plate_1_x,plate_1_y,plate_1_z,force_akita_black_bowl_1,force_plate_1,force_other,n_contacts,sim_s
0,1,0.0549,-0.2076902019941238,0.01689215049399429,1.1845495281596072,0.9996129210545233,0.0017200294268635563,-0.027766750520088274,0.0002390087185611036,0.038722176349753015,-0.03872337873964926,0.017111286963297417,-0.17598000391396357,0.019472770353215874,-2.4285571409671936,0.005987870227185116,2.197071233565705,0.8150327018426237,0.23475033044815063,-0.1950579732656479,-0.020358622074127197,0.03322869911789894,0.08922168612480164,-0.004864693619310856,1.013535976409912,0.23475033044815063,-0.1950579732656479,-0.020358622074127197,0.03322869911789894,0.08922168612480164,-0.004864693619310856,-1.0,0.08670609290860966,-0.14321844066302586,1.0625599683749658,0.06426401513702933,0.1968852888506487,0.9024995673059236,0.0,0.0,0.0,0,0.0426
1,0,0.0,-0.2073973200473058,0.01604666542378551,1.1836272143057591,0.9995877973385966,0.0009279914709465764,-0.028690471358220507,-0.00048072533149251875,0.03882035248211324,-0.038869606476850914,0.015980787444739998,-0.17269105694093964,0.018139806662747705,-2.4274085506952314,0.007493849418236737,2.1972787872184116,0.8132967619927519,0.39245861768722534,-0.12565822899341583,0.03681910037994385,0.022744089365005493,0.085887610912323,0.005219867452979088,0.9951249957084656,0.39245861768722534,-0.12565822899341583,0.03681910037994385,0.022744089365005493,0.085887610912323,0.005219867452979088,-1.0,0.08670609282077617,-0.14321844084362828,1.0625599683749969,0.0642640151462034,0.19688528888065687,0.9024997617621902,0.0,0.0,0.0,0,0.0417
2,0,0.0,-0.20565711512894547,0.014485770208236418,1.1822558996594748,0.9995543401612623,0.0005218680484719296,-0.02978582423176617,-0.0019113851930536128,0.03889377562000048,-0.03893450020359543,0.01451103559441254,-0.16442028536491604,0.015262043890184235,-2.421921151836084,0.010078622118699651,2.197966685182457,0.8081808042322143,0.5923784971237183,-0.04894758760929108,0.11073048412799835,-0.001626872457563877,0.08146493136882782,0.01998635195195675,1.0000839233398438,0.5923784971237183,-0.04894758760929108,0.11073048412799835,-0.001626872457563877,0.08146493136882782,0.01998635195195675,-1.0,0.08670609278202411,-0.14321844092330982,1.0625599683749973,0.06426401514835288,0.19688528888960027,0.9024998147869767,0.0,0.0,0.0,0,0.0414
3,0,0.0,-0.20183342600870532,0.013169390793777713,1.18138291721646,0.9995461410416904,0.0011871538005970295,-0.029968909627629717,-0.002822596366582355,0.03894903119127681,-0.038979578130523405,0.013209051993172722,-0.15166206848326935,0.01306490651657722,-2.4103846238659683,0.011291239853212736,2.1989033793005084,0.8025812871141815,0.7589052319526672,-0.025162309408187866,0.2037888914346695,-0.003145388560369611,0.07688072323799133,0.04146508872509003,0.9958200454711914,0.7589052319526672,-0.025162309408187866,0.2037888914346695,-0.003145388560369611,0.07688072323799133,0.04146508872509003,-1.0,0.08670609276492677,-0.1432184409584652,1.0625599683749973,0.06426401514884425,0.19688528889224316,0.9024998292459088,0.0,0.0,0.0,0,0.0413
4,1,0.0543,-0.19588725217712852,0.012405692482032155,1.1813075564520135,0.9995600412228568,0.0030466030556890455,-0.02934350300790689,-0.003066110174954002,0.03899550459291585,-0.03902209625052865,0.012222988796032733,-0.1347487618794853,0.012070519937878324,-2.392093578050579,0.011105979708884415,2.198804211766261,0.7969583003780255,0.2442472130060196,0.008027136325836182,-0.052148737013339996,0.0002847951836884022,0.09013830125331879,-0.00931642297655344,0.9988315105438232,0.2442472130060196,0.008027136325836182,-0.052148737013339996,0.0002847951836884022,0.09013830125331879,-0.00931642297655344,-1.0,0.08670609275738347,-0.14321844097397574,1.0625599683749973,0.06426401514895269,0.19688528889301862,0.9024998331886069,0.0,0.0,0.0,0,0.0426
5,0,0.0,-0.19128738448057622,0.011998965393667089,1.1806343659651957,0.9994555328561587,0.004188498328157875,-0.03257087564616436,-0.003198809873681624,0.03903944157201892,-0.039063182860935956,0.011418199107823114,-0.1173678159581533,0.011712581760280125,-2.37320571805843,0.011066868273568375,2.1903645356795605,0.7937807347883455,0.40873467922210693,-0.04296475648880005,0.19692374765872955,-0.005495002027601004,0.12319330871105194,0.004861973226070404,0.9755038022994995,0.40873467922210693,-0.04296475648880005,0.19692374765872955,-0.005495002027601004,0.12319330871105194,0.004861973226070404,-1.0,0.08670609275405536,-0.14321844098081898,1.0625599683749973,0.06426401514897541,0.19688528889324483,0.9024998342637116,0.0,0.0,0.0,0,0.0428
6,0,0.0,-0.18765928913937016,0.01158310169680876,1.180705580014382,0.9992759043679451,0.004287661541515386,-0.03767459325149229,-0.0031476866846435296,0.03908060880114307,-0.039103390897654154,0.010627180952920576,-0.10206341397268386,0.011408843116015609,-2.3532567659007633,0.010662491922287593,2.1755207612779985,0.792838488411567,0.49559301137924194,-0.017642050981521606,0.25006866455078125,-0.03175269067287445,0.05833910033106804,0.0034180451184511185,1.0195286273956299,0.49559301137924194,-0.017642050981521606,0.25006866455078125,-0.03175269067287445,0.05833910033106804,0.0034180451184511185,-1.0,0.08670609275258698,-0.14321844098383818,1.0625599683749973,0.06426401514897975,0.1968852888933105,0.9024998345568738,0.0,0.0,0.0,0,0.0432
7,0,0.0,-0.18264363796785302,0.010958254475425836,1.1826736218233538,0.9991491032810497,0.004487408944562898,-0.04093942815624784,-0.002212644543642079,0.03912000731776335,-0.0391418755795554,0.009838233332298094,-0.08726169625142575,0.011214025095098844,-2.3291757150802557,0.007976016779714743,2.1598862726754477,0.7931518167774684,0.6872901320457458,-0.013869211077690125,0.3267292380332947,-0.03428059071302414,0.037893835455179214,0.0030672382563352585,1.0040453672409058,0.6872901320457458,-0.013869211077690125,0.3267292380332947,-0.03428059071302414,0.037893835455179214,0.0030672382563352585,-1.0,0.08670609275193918,-0.14321844098517023,1.0625599683749973,0.06426401514898045,0.19688528889332943,0.9024998346368139,0.0,0.0,0.0,0,0.0417
8,1,0.0547,-0.17577781590244887,0.010399581922658056,1.185764229571372,0.9991192980346946,0.004759168998321073,-0.04168647138424544,-0.0004655197461834338,0.039158106505701645,-0.03917832040325092,0.00921898041089666,-0.07110322879256087,0.011453355636730195,-2.3012772738644878,0.003473307162104917,2.1467796279512914,0.7949398140693409,0.6334863901138306,0.08761252462863922,0.3947294354438782,-0.049167387187480927,0.14999298751354218,-0.0016832444816827774,1.003373146057129,0.6334863901138306,0.08761252462863922,0.3947294354438782,-0.049167387187480927,0.14999298751354218,-0.0016832444816827774,-1.0,0.08670609275165334,-0.14321844098575795,1.0625599683749973,0.06426401514898046,0.19688528889333484,0.9024998346586124,0.0,0.0,0.0,0,0.0422
9,0,0.0,-0.1693353185427549,0.010401342546833729,1.1887892274184053,0.9989886200679421,0.005016886020311251,-0.044648010453564355,0.0017671988981149724,0.03919569708487714,-0.03921208139080248,0.008997327287092181,-0.05372823632484755,0.012787673083945161,-2.2710914744713984,-0.0018182973106874382,2.127592441314584,0.7985985156975592,0.7523052096366882,0.1096670925617218,0.4411407709121704,-0.0691351443529129,0.12377569079399109,-3.6329030990600586e-05,0.9949557781219482,0.7523052096366882,0.1096670925617218,0.4411407709121704,-0.0691351443529129,0.12377569079399109,-3.6329030990600586e-05,-1.0,0.08670609275152724,-0.14321844098601721,1.0625599683749973,0.06426401514898046,0.19688528889333637,0.9024998346645562,0.0,0.0,0.0,0,0.0404
10,0,0.0,-0.16248625785392196,0.010975619827143294,1.1924610120155816,0.9987893742269748,0.005166977966759689,-0.048667292100705584,0.004958119559139055,0.039230688909681816,-0.039245383275427856,0.00915292633138309,-0.03464509038102593,0.015386959218227858,-2.236430102843619,-0.009029048638666829,2.1039040902932316,0.8050116154473164,0.8648024797439575,0.08131185173988342,0.4683746099472046,-0.06575039774179459,0.08698311448097229,0.00197460874915123,1.0099009275436401,0.8648024797439575,0.08131185173988342,0.4683746099472046,-0.06575039774179459,0.08698311448097229,0.00197460874915123,-1.0,0.08670609275147162,-0.1432184409861316,1.0625599683749973,0.06426401514898046,0.1968852888933368,0.9024998346661771,0.0,0.0,0.0,0,0.0416
11,0,0.0,-0.1538849758518232,0.01178571293778437,1.1969887684891574,0.9986376695427044,0.005197559270202767,-0.05116215992892305,0.008844418542544478,0.039263360822582236,-0.039278077531681145,0.00949565439586045,-0.01286902808657752,0.01855218714429235,-2.196557804013821,-0.01764174975020418,2.080679077678559,0.8129223701838257,0.9255906939506531,0.06496215611696243,0.4755893349647522,-0.05800500512123108,0.08319485187530518,0.0037980955094099045,0.9938260912895203,0.9255906939506531,0.06496215611696243,0.4755893349647522,-0.05800500512123108,0.08319485187530518,0.0037980955094099045,-1.0,0.0867060927514471,-0.14321844098618203,1.0625599683749973,0.06426401514898046,0.1968852888933368,0.9024998346666192,0.0,0.0,0.0,0,0.0413
12,1,0.0557,-0.14407487429656143,0.012651672119509783,1.2018248838660612,0.998505380169862,0.005181109171649767,-0.05290609248144682,0.012692803391464027,0.039294091600655216,-0.03930990972959648,0.009889748458731817,0.011578646616767236,0.02167359894071276,-2.152602250467527,-0.02612390516322051,2.0573435492184236,0.8205398464075722,0.948815643787384,0.11645211279392242,0.43918514251708984,-0.0842428132891655,0.09744030237197876,0.0047259461134672165,1.080826997756958,0.948815643787384,0.11645211279392242,0.43918514251708984,-0.0842428132891655,0.09744030237197876,0.0047259461134672165,-1.0,0.08670609275143627,-0.1432184409862043,1.0625599683749973,0.06426401514898046,0.1968852888933368,0.9024998346667397,0.0,0.0,0.0,0,0.0427
13,0,0.0,-0.1337668596878448,0.013534627816609354,1.2064072388112594,0.9983213969564587,0.005288804527830482,-0.05511296386570922,0.016999357032178884,0.03932326961213778,-0.0393406132799886,0.01043461925800117,0.038696911803897595,0.02496874636075989,-2.1055274276145037,-0.035683917603746645,2.032413932351364,0.8284037200623509,0.9734460115432739,0.08084532618522644,0.4663141369819641,-0.07241764664649963,0.09484565258026123,0.004471013322472572,0.8409183025360107,0.9734460115432739,0.08084532618522644,0.4663141369819641,-0.07241764664649963,0.09484565258026123,0.004471013322472572,-1.0,0.0867060927514315,-0.14321844098621409,1.0625599683749973,0.06426401514898046,0.1968852888933368,0.9024998346667725,0.0,0.0,0.0,0,0.0421
14,0,0.0,-0.12303618916770964,0.01453126221668398,1.2109585400271836,0.9980859284624947,0.005393511751269675,-0.057667923299638685,0.021674871590256016,0.039350711368755106,-0.039370487187688,0.011165260406210492,0.06792985931762253,0.02846647839706632,-2.0552067408362835,-0.045858304124474905,2.0055606010820055,0.8365253663293853,0.9810274243354797,0.028868503868579865,0.4793615937232971,-0.06302215903997421,0.09705416858196259,0.0025623422116041183,0.8829312920570374,0.9810274243354797,0.028868503868579865,0.4793615937232971,-0.06302215903997421,0.09705416858196259,0.0025623422116041183,-1.0,0.08670609275142939,-0.14321844098621841,1.0625599683749973,0.06426401514898046,0.1968852888933368,0.9024998346667815,0.0,0.0,0.0,0,0.0417
15,0,0.0,-0.11199354293427406,0.015295549214877642,1.215754599980328,0.9978158486402001,0.005301358902788045,-0.06046582990417711,0.026063599333525294,0.03937576352830692,-0.0394002929255861,0.011859426840646808,0.09864131179538832,0.0313977741320633,-2.0017139898182275,-0.0553145240343507,1.9764554985935125,0.8435588319779502,0.9817639589309692,-0.031232744455337524,0.5021014213562012,-0.05845822021365166,0.09769003093242645,0.0023649930953979492,0.8643299341201782,0.9817639589309692,-0.031232744455337524,0.5021014213562012,-0.05845822021365166,0.09769003093242645,0.0023649930953979492,-1.0,0.08670609275142845,-0.14321844098622033,1.0625599683749973,0.06426401514898046,0.1968852888933368,0.9024998346667837,0.0,0.0,0.0,0,0.0417
16,1,0.0536,-0.10078956360197767,0.015467703821496512,1.2208444927308235,0.9975101413919725,0.005057420098594223,-0.06354516741715471,0.030165410987392557,0.03939874421682366,-0.03942981630889815,0.012393449407545625,0.1304997689487575,0.033315534658693066,-1.9452675542432578,-0.06408011834477492,1.9450038176583084,0.8488125038266915,0.9717738628387451,0.05920279026031494,0.357882559299469,-0.045567747205495834,0.0894240289926529,0.002421250566840172,0.9973658323287964,0.9717738628387451,0.05920279026031494,0.357882559299469,-0.045567747205495834,0.0894240289926529,0.002421250566840172,-1.0,0.08670609275142804,-0.14321844098622116,1.0625599683749973,0.06426401514898046,0.1968852888933368,0.9024998346667837,0.0,0.0,0.0,0,0.042
17,0,0.0,-0.08942651502038092,0.015786367355896017,1.2254064683199155,0.9971863598399784,0.005045864994850713,-0.0668720250370072,0.03349679481675956,0.039422871596489883,-0.039455938077694486,0.013031619039693116,0.16447252880805713,0.03510719724232855,-1.8868481936794077,-0.07114895239520046,1.9132805952786136,0.8523544296504996,0.9824140667915344,-0.054218634963035583,0.31011271476745605,-0.027948744595050812,0.08748887479305267,-0.0027058087289333344,0.97624671459198,0.9824140667915344,-0.054218634963035583,0.31011271476745605,-0.027948744595050812,0.08748887479305267,-0.0027058087289333344,-1.0,0.08670609275142786,-0.14321844098622155,1.0625599683749973,0.06426401514898046,0.1968852888933368,0.9024998346667837,0.0,0.0,0.0,0,0.0405
18,0,0.0,-0.07784944394121633,0.01594447878130937,1.2289972975068528,0.9968645903157543,0.004871463774600404,-0.07026983591570396,0.03604729637122889,0.03944336476349258,-0.03948353620522359,0.013598364939091404,0.20077963032918772,0.036185610757116696,-1.826985381231269,-0.07665787655116132,1.8824503568683681,0.8545473889721175,0.9535054564476013,-0.15882842242717743,0.24710582196712494,-0.007066326215863228,0.064843088388443,-0.0013480670750141144,1.0077685117721558,0.9535054564476013,-0.15882842242717743,0.24710582196712494,-0.007066326215863228,0.064843088388443,-0.0013480670750141144,-1.0,0.08670609275142786,-0.14321844098622155,1.0625599683749973,0.06426401514898046,0.1968852888933368,0.9024998346667837,0.0,0.0,0.0,0,0.0419
19,0,0.0,-0.0660802504862604,0.015165070300029147,1.2319773919661432,0.9965769131520856,0.004378037071310181,-0.07341263784158006,0.03776074110504246,0.039462075508539536,-0.039510847308371316,0.01372049035973362,0.23858061166364275,0.03563412323338582,-1.7658287698089492,-0.08040023146905445,1.852619859203431,0.8543687469193486,0.9534037709236145,-0.24442879855632782,0.20532284677028656,-0.0007067639380693436,0.06205260381102562,0.002542596310377121,0.9859782457351685,0.9534037709236145,-0.24442879855632782,0.20532284677028656,-0.0007067639380693436,0.06205260381102562,0.002542596310377121,-1.0,0.08670609275142786,-0.14321844098622155,1.0625599683749973,0.06426401514898046,0.1968852888933368,0.9024998346667837,0.0,0.0,0.0,0,0.0406
20,1,0.0538,-0.05426799609649516,0.013285270482062088,1.234394306872311,0.9963261484284144,0.0038756669782143427,-0.07625277855410631,0.0387904489024356,0.03947932199485038,-0.03953764164492701,0.013352449159072912,0.27740292056966975,0.03336133104019065,-1.7038366382084753,-0.08268652397666479,1.8238505808572756,0.8513146471018365,0.9263107776641846,-0.11944971978664398,0.25942742824554443,-0.007384986616671085,0.0497252456843853,-0.002946017310023308,1.0129133462905884,0.9263107776641846,-0.11944971978664398,0.25942742824554443,-0.007384986616671085,0.0497252456843853,-0.002946017310023308,-1.0,0.08670609275142786,-0.14321844098622155,1.0625599683749973,0.06426401514898046,0.1968852888933368,0.9024998346667837,0.0,0.0,0.0,0,0.0426
21,0,0.0,-0.042571710526760384,0.011239130099219376,1.2368538514810363,0.9961249562672706,0.0036714010615159776,-0.07859878474001533,0.03929151757268955,0.039498344628828765,-0.03956076835518005,0.012976598132303367,0.31631737958634976,0.030726312234960553,-1.640648348383223,-0.08381332746729042,1.7951512752873395,0.8467560855426628,0.9292706251144409,-0.15081165730953217,0.20566894114017487,-0.0010899226181209087,0.04203932359814644,-0.0013953577727079391,0.9901439547538757,0.9292706251144409,-0.15081165730953217,0.20566894114017487,-0.0010899226181209087,0.04203932359814644,-0.0013953577727079391,-1.0,0.08670609275142786,-0.14321844098622155,1.0625599683749973,0.06426401514898046,0.1968852888933368,0.9024998346667837,0.0,0.0,0.0,0,0.0423
22,0,0.0,-0.031018289763443306,0.009417305441972125,1.239291864623549,0.9959754251365032,0.0035406452200061334,-0.08035789582081501,0.0395351101533503,0.039515973128357036,-0.039583483337283495,0.012776960040811792,0.3555057746076082,0.028166432872559922,-1.576399368588302,-0.08436136107569106,1.766869661988368,0.8420644962314348,0.9235547184944153,-0.22193051874637604,0.12106730043888092,0.002005739137530327,0.03511372208595276,0.0025248676538467407,0.995999276638031,0.9235547184944153,-0.22193051874637604,0.12106730043888092,0.002005739137530327,0.03511372208595276,0.0025248676538467407,-1.0,0.08670609275142786,-0.14321844098622155,1.0625599683749973,0.06426401514898046,0.1968852888933368,0.9024998346667837,0.0,0.0,0.0,0,0.0414
23,0,0.0,-0.019533297457193198,0.007164800912813944,1.2409636560297135,0.9958594889663683,0.0034170931394084114,-0.08168572325430117,0.03974473960842088,0.039531727037159424,-0.03960634166749633,0.012458703774012975,0.39584142768993635,0.024951361756103463,-1.511603396925386,-0.08468381771270733,1.7401160442425914,0.8365926634399211,0.9051937460899353,-0.2694106698036194,0.0575261265039444,0.02515450119972229,0.01589527539908886,0.0044456105679273605,0.9858977198600769,0.9051937460899353,-0.2694106698036194,0.0575261265039444,0.02515450119972229,0.01589527539908886,0.0044456105679273605,-1.0,0.08670609275142786,-0.14321844098622155,1.0625599683749973,0.06426401514898046,0.1968852888933368,0.9024998346667837,0.0,0.0,0.0,0,0.0412
24,1,0.0534,-0.008064544589457916,0.004468389449861754,1.2417941375112858,0.9958146121399525,0.003416875548427789,-0.0823838947536774,0.039426857537176604,0.03954708762398251,-0.03962793576660483,0.01179118761598233,0.43727377398678047,0.0209827230286383,-1.44640665771876,-0.0836467611429926,1.7155135996959918,0.8296115865294164,0.8849038481712341,-0.1533859521150589,0.07533760368824005,0.0067115724086761475,0.051487233489751816,0.003711603581905365,0.9833585619926453,0.8849038481712341,-0.1533859521150589,0.07533760368824005,0.0067115724086761475,0.051487233489751816,0.003711603581905365,-1.0,0.08670609275142786,-0.14321844098622155,1.0625599683749973,0.06426401514898046,0.1968852888933368,0.9024998346667837,0.0,0.0,0.0,0,0.042
25,0,0.0,0.002842436216792029,0.0018771063570711373,1.2419925532576812,0.9957648417396304,0.003769647366184792,-0.08330892482998306,0.03870132759550707,0.03956321541431761,-0.039647178744406875,0.011088882697617151,0.4792153827747597,0.017052672479705024,-1.380864169290189,-0.08168496317467694,1.6905440166588404,0.821818838932263,0.8743860721588135,-0.15626420080661774,0.06048677861690521,0.007301519624888897,0.039565835148096085,0.002863474190235138,0.9857275485992432,0.8743860721588135,-0.15626420080661774,0.06048677861690521,0.007301519624888897,0.039565835148096085,0.002863474190235138,-1.0,0.08670609275142786,-0.14321844098622155,1.0625599683749973,0.06426401514898046,0.1968852888933368,0.9024998346667837,0.0,0.0,0.0,0,0.0417
26,0,0.0,0.01332855743044362,-0.00038360839665204597,1.24196963224972,0.9957201464000015,0.004265629083235245,-0.08407416476103657,0.03814091348429455,0.03957844379749684,-0.039665806342417884,0.010601423924274723,0.5216802649189127,0.013499106621128108,-1.3140484312783447,-0.07993921023095714,1.6651951793748698,0.8145070847085168,0.8842547535896301,-0.17243783175945282,0.037251561880111694,0.00797618180513382,0.031800203025341034,0.004045767709612846,0.9981256127357483,0.8842547535896301,-0.17243783175945282,0.037251561880111694,0.00797618180513382,0.031800203025341034,0.004045767709612846,-1.0,0.08670609275142786,-0.14321844098622155,1.0625599683749973,0.06426401514898046,0.1968852888933368,0.9024998346667837,0.0,0.0,0.0,0,0.0417
27,0,0.0,0.023717984389386725,-0.002604082277212762,1.241694501207562,0.995739577385671,0.004700575576127242,-0.08400840721375699,0.03772513929019998,0.03959268796053129,-0.03968396678886812,0.010126791931984276,0.5650320503961848,0.00997126702944368,-1.2456674635602585,-0.07830025169930449,1.640812156187293,0.8075505595823431,0.8918606638908386,-0.17916680872440338,0.014129668474197388,0.013487611897289753,0.02311866730451584,0.00011816434562206268,0.9790202379226685,0.8918606638908386,-0.17916680872440338,0.014129668474197388,0.013487611897289753,0.02311866730451584,0.00011816434562206268,-1.0,0.08670609275142786,-0.14321844098622155,1.0625599683749973,0.06426401514898046,0.1968852888933368,0.9024998346667837,0.0,0.0,0.0,0,0.0418
28,1,0.0535,0.03404183082495421,-0.004832950601292076,1.2410247294525787,0.99583881396566,0.005005825289547239,-0.08302439502363781,0.037241752692328337,0.03960643795701673,-0.03970123197033782,0.009517204061013095,0.6095289619505915,0.006375805945824686,-1.1756263554817523,-0.07626603414292031,1.6177496932652742,0.8008456824822641,0.8680671453475952,-0.392133891582489,-0.13100308179855347,0.03940889611840248,0.00766105018556118,0.003338020294904709,0.98984694480896,0.8680671453475952,-0.392133891582489,-0.13100308179855347,0.03940889611840248,0.00766105018556118,0.003338020294904709,-1.0,0.08670609275142786,-0.14321844098622155,1.0625599683749973,0.06426401514898046,0.1968852888933368,0.9024998346667837,0.0,0.0,0.0,0,0.0416
29,0,0.0,0.044236768132394806,-0.007944211058023995,1.239304792027502,0.9960002060409376,0.004944913900356396,-0.08140372031154786,0.03650440675269681,0.03961698784866924,-0.03972036528415146,0.008011071848094735,0.6557650242622995,0.0016632848244293105,-1.1045985948340125,-0.0730131546235997,1.5967718792660337,0.7932662513046943,0.8627337217330933,-0.40223467350006104,-0.15019257366657257,0.03923528268933296,0.003246588632464409,0.003515861928462982,0.9873859882354736,0.8627337217330933,-0.40223467350006104,-0.15019257366657257,0.03923528268933296,0.003246588632464409,0.003515861928462982,-1.0,0.08670609275142786,-0.14321844098622155,1.0625599683749973,0.06426401514898046,0.1968852888933368,0.9024998346667837,0.0,0.0,0.0,0,0.0409
30,0,0.0,0.054241532952340785,-0.012129647730830202,1.2365463112445296,0.9962327164398119,0.00490956565132844,-0.07907233735535438,0.03526806381456778,0.03962773137684022,-0.03973802870833199,0.005309342034618463,0.7035468744543464,-0.004217792574453879,-1.032644698845152,-0.06796570140533129,1.5779765025330348,0.7837785062177025,0.8609790802001953,-0.3945770263671875,-0.17757242918014526,0.03420379012823105,0.0002522561699151993,0.003635423257946968,0.9991080164909363,0.8609790802001953,-0.3945770263671875,-0.17757242918014526,0.03420379012823105,0.0002522561699151993,0.003635423257946968,-1.0,0.08670609275142786,-0.14321844098622155,1.0625599683749973,0.06426401514898046,0.1968852888933368,0.9024998346667837,0.0,0.0,0.0,0,0.0412
31,0,0.0,0.06395195548616105,-0.016758718085500363,1.2331748449056974,0.9965307201053264,0.005144042465360821,-0.07587933335971336,0.033799252689345034,0.039638666922261825,-0.03975428104541164,0.001825600600553678,0.7525281640567477,-0.010484066550815926,-0.9593601522683349,-0.06187398619376587,1.560781798451308,0.7732312637194633,0.8446131944656372,-0.3827475309371948,-0.20454329252243042,0.030664891004562378,-0.006960892118513584,0.0009704716503620148,0.9883551001548767,0.8446131944656372,-0.3827475309371948,-0.20454329252243042,0.030664891004562378,-0.006960892118513584,0.0009704716503620148,-1.0,0.08670609275142786,-0.14321844098622155,1.0625599683749973,0.06426401514898046,0.1968852888933368,0.9024998346667837,0.0,0.0,0.0,0,0.0411
32,1,0.0532,0.07329000644690731,-0.02152860857361361,1.2292454008919391,0.9968796966466336,0.005500932985334883,-0.07179718108250072,0.032338443664042156,0.03964965016214462,-0.03976931976812873,-0.0022221676829631155,0.8026827352523213,-0.016729235672288616,-0.8846617295158933,-0.05527279340150375,1.545065044907805,0.7626350870365434,0.7808783650398254,-0.3472024202346802,-0.11495234817266464,0.02461971342563629,0.003441009670495987,0.015709133818745613,0.992630660533905,0.7808783650398254,-0.3472024202346802,-0.11495234817266464,0.02461971342563629,0.003441009670495987,0.015709133818745613,-1.0,0.08670609275142786,-0.14321844098622155,1.0625599683749973,0.06426401514898046,0.1968852888933368,0.9024998346667837,0.0,0.0,0.0,0,0.0432
33,0,0.0,0.08181561139942183,-0.02614035165926816,1.2253641493648493,0.9972306287762777,0.006335225094502073,-0.06728911600124546,0.031034059051980662,0.039660863557826595,-0.03978301325430559,-0.006582318590902193,0.8531074905738267,-0.022530985757638802,-0.8083441516599483,-0.048764662888781306,1.5287305252754566,0.751745483981032,0.7323402166366577,-0.4042049050331116,-0.14868439733982086,0.03037383034825325,-0.007419531233608723,0.005183050408959389,0.9877826571464539,0.7323402166366577,-0.4042049050331116,-0.14868439733982086,0.03037383034825325,-0.007419531233608723,0.005183050408959389,-1.0,0.08670609275142786,-0.14321844098622155,1.0625599683749973,0.06426401514898046,0.1968852888933368,0.9024998346667837,0.0,0.0,0.0,0,0.0409
34,0,0.0,0.08947053812547125,-0.030821831095264728,1.22163508248174,0.9975847140947505,0.0072209051555775505,-0.0622580474110003,0.02994214865031519,0.0396707819144866,-0.039796933986307945,-0.011521308695478086,0.9037661157923979,-0.028092638002425712,-0.7304944485863222,-0.04230017729345715,1.5121290596777708,0.7412054838789545,0.6975007653236389,-0.4020071029663086,-0.19353288412094116,0.031009703874588013,-0.005739293992519379,0.004282902926206589,1.009104609489441,0.6975007653236389,-0.4020071029663086,-0.19353288412094116,0.031009703874588013,-0.005739293992519379,0.004282902926206589,-1.0,0.08670609275142786,-0.14321844098622155,1.0625599683749973,0.06426401514898046,0.1968852888933368,0.9024998346667837,0.0,0.0,0.0,0,0.0413
35,0,0.0,0.09637674377745908,-0.035676101912719915,1.2173935056520029,0.9979496025332404,0.007833219338400588,-0.056606569043991375,0.028825818628628024,0.03968068093569447,-0.03980985133886598,-0.0172822844918302,0.9552640334924141,-0.03339985547927817,-0.6517857331202377,-0.03541777945833133,1.496668033484414,0.7313918925676879,0.5829069018363953,-0.3424530029296875,-0.2409311830997467,0.02517886459827423,-0.016803672537207603,0.010870436206459999,0.992078959941864,0.5829069018363953,-0.3424530029296875,-0.2409311830997467,0.02517886459827423,-0.016803672537207603,0.010870436206459999,-1.0,0.08670609275142786,-0.14321844098622155,1.0625599683749973,0.06426401514898046,0.1968852888933368,0.9024998346667837,0.0,0.0,0.0,0,0.0423
36,1,0.0532,0.10229103593791851,-0.040291828832960265,1.2125488917866043,0.9982881475015537,0.008663095442966784,-0.05081477194328701,0.02763302892577863,0.03969124494861725,-0.03982112645816978,-0.023487105169538777,1.0073083835061054,-0.03799159271430028,-0.5727762469471861,-0.028490910048153333,1.4816146024778363,0.7219460346977851,0.2622440457344055,-0.39543694257736206,-0.256870836019516,0.037109799683094025,0.04021918401122093,0.18746940791606903,0.9560577869415283,0.2622440457344055,-0.39543694257736206,-0.256870836019516,0.037109799683094025,0.04021918401122093,0.18746940791606903,-1.0,0.08670609275142786,-0.14321844098622155,1.0625599683749973,0.06426401514898046,0.1968852888933368,0.9024998346667837,0.0,0.0,0.0,0,0.0417
37,0,0.0,0.10568809260743364,-0.04450772697442903,1.2072635776041043,0.9983756645663253,0.014436725514077209,-0.048253826623333856,0.02663046327767252,0.03970156526909096,-0.03983172665746367,-0.029644995001261245,1.0583855905267878,-0.04153491919661629,-0.49468276604408146,-0.02337622083968072,1.4599314030055017,0.7030308326249084,0.145731121301651,-0.4291636347770691,-0.3745216131210327,0.058052707463502884,0.04994935914874077,0.21816086769104004,0.9620321989059448,0.145731121301651,-0.4291636347770691,-0.3745216131210327,0.058052707463502884,0.04994935914874077,0.21816086769104004,-1.0,0.08670609275142786,-0.14321844098622155,1.0625599683749973,0.06426401514898046,0.1968852888933368,0.9024998346667837,0.0,0.0,0.0,0,0.0418
38,0,0.0,0.10691991345667004,-0.04885272842951752,1.2015760989020767,0.9981892903448183,0.0254509384811597,-0.048194228838536704,0.025450082082265253,0.039710593453446276,-0.03984277244275063,-0.03661164550211492,1.1078520953942719,-0.0437252103230069,-0.41911129206399184,-0.01968526384379554,1.4346925670619295,0.6742362884044626,-0.06050616502761841,-0.2970912456512451,-0.4404405355453491,-0.015910785645246506,0.04511386901140213,0.23242367804050446,0.9928157925605774,-0.06050616502761841,-0.2970912456512451,-0.4404405355453491,-0.015910785645246506,0.04511386901140213,0.23242367804050446,-1.0,0.08670609275142786,-0.14321844098622155,1.0625599683749973,0.06426401514898046,0.1968852888933368,0.9024998346667837,0.0,0.0,0.0,0,0.0416
39,0,0.0,0.10644869079148475,-0.05355699666551755,1.1954409701607893,0.9977058916375682,0.0383359354859959,-0.0498153001220108,0.025134552230963017,0.039719423362402057,-0.03985318630682463,-0.04379446861801373,1.1563594829515915,-0.04499625564376804,-0.3452911944562321,-0.01930447303107858,1.4070836394146788,0.6419126429460429,-0.19057825207710266,-0.21118955314159393,-0.48937147855758667,-0.004710017237812281,0.035756126046180725,0.250651478767395,0.9925806522369385,-0.19057825207710266,-0.21118955314159393,-0.48937147855758667,-0.004710017237812281,0.035756126046180725,0.250651478767395,-1.0,0.08670609275142786,-0.14321844098622155,1.0625599683749973,0.06426401514898046,0.1968852888933368,0.9024998346667837,0.0,0.0,0.0,0,0.041
40,1,0.0536,0.10449953748099092,-0.0574647006886509,1.189252569842316,0.9969121158666617,0.05238461397936589,-0.05262521253465223,0.025547455101626725,0.039730801967386396,-0.03986024868806252,-0.04972194967080616,1.2043228459204063,-0.045667404017353225,-0.2717813927636729,-0.021200433023665855,1.377155220811711,0.6085095835179044,-0.21584779024124146,-0.10853765904903412,-0.46342402696609497,-0.03215285763144493,0.02032485604286194,0.2679263949394226,1.031449794769287,-0.21584779024124146,-0.10853765904903412,-0.46342402696609497,-0.03215285763144493,0.02032485604286194,0.2679263949394226,-1.0,0.08670609275142786,-0.14321844098622155,1.0625599683749973,0.06426401514898046,0.1968852888933368,0.9024998346667837,0.0,0.0,0.0,0,0.0428
41,0,0.0,0.10180943004804179,-0.060333090239750746,1.1833168489989148,0.9958627284439313,0.06734812574261773,-0.05490270855015443,0.02659602694052091,0.03974175246049905,-0.03986696862734902,-0.054105778639174755,1.2520131209592604,-0.045925500586010054,-0.19794197672982533,-0.024956234327411342,1.3480612051687693,0.5746368879841957,-0.25432127714157104,-0.11109070479869843,-0.47854435443878174,-0.026233673095703125,0.006825920194387436,0.2679263949394226,0.9747002124786377,-0.25432127714157104,-0.11109070479869843,-0.47854435443878174,-0.026233673095703125,0.006825920194387436,0.2679263949394226,-1.0,0.08670609275142786,-0.14321844098622155,1.0625599683749973,0.06426401514898046,0.1968852888933368,0.9024998346667837,0.0,0.0,0.0,0,0.0414
42,0,0.0,0.09861581222085065,-0.06245694414374659,1.1774744947405589,0.99458569273862,0.08259170633007845,-0.05624002793392972,0.028547663706782283,0.03975184846968111,-0.03987379702292466,-0.05718280384793798,1.2997544922758548,-0.046157679558258516,-0.12391262544263948,-0.03037307235703068,1.3209996787807037,0.5411633986804215,-0.28316566348075867,-0.10877498984336853,-0.4810858964920044,-0.02060529962182045,0.0029928497970104218,0.2679263949394226,0.9814351201057434,-0.28316566348075867,-0.10877498984336853,-0.4810858964920044,-0.02060529962182045,0.0029928497970104218,0.2679263949394226,-1.0,0.08670609275142786,-0.14321844098622155,1.0625599683749973,0.06426401514898046,0.1968852888933368,0.9024998346667837,0.0,0.0,0.0,0,0.0427
43,0,0.0,0.09494954045254372,-0.06423668816723083,1.1701501781035604,0.993033843966366,0.09769264248942311,-0.058386304456486855,0.030511830373309574,0.039760907471699795,-0.039880937270824354,-0.059583108031597644,1.3445978167724886,-0.046334659200667705,-0.05986520608048331,-0.036268989656788486,1.2985481341305096,0.5083055262658449,-0.35623306035995483,-0.10322065651416779,-0.53807133436203,-0.02125883474946022,0.004848023876547813,0.2679263949394226,0.9942269921302795,-0.35623306035995483,-0.10322065651416779,-0.53807133436203,-0.02125883474946022,0.004848023876547813,0.2679263949394226,-1.0,0.08670609275142786,-0.14321844098622155,1.0625599683749973,0.06426401514898046,0.1968852888933368,0.9024998346667837,0.0,0.0,0.0,0,0.0427
44,1,0.0536,0.09326137334207384,-0.06632880770326598,1.1553166495002838,0.9907198252615309,0.11253798005089566,-0.06976834506980856,0.03068890525979913,0.03976819616447995,-0.03988915247841721,-0.06049580084150159,1.36060158259172,-0.0465407998610192,-0.06612346607296658,-0.0422759703326622,1.3000997617540764,0.4766808045550708,-0.3599150776863098,-0.03981778025627136,-0.09618785977363586,-0.05705992877483368,-0.01414952240884304,0.20876742899417877,0.00022672006161883473,-0.3599150776863098,-0.03981778025627136,-0.09618785977363586,-0.05705992877483368,-0.01414952240884304,0.20876742899417877,1.0,0.08670609275142786,-0.14321844098622155,1.0625599683749973,0.06426401514898046,0.1968852888933368,0.9024998346667837,0.0,0.0,0.0,0,0.0423
45,0,0.0,0.09185163158436879,-0.06802395923106083,1.1499376645307846,0.9885866021384181,0.12573840270781084,-0.07635836780579344,0.032492827253704094,0.039380091519427556,-0.03949038941048963,-0.06034963825938183,1.3655908983835063,-0.047403386576427474,-0.06909987905090458,-0.04958543484566699,1.2972305100386448,0.44857545348634315,-0.4270724654197693,0.01367361843585968,-0.0893372967839241,-0.06365381926298141,-0.022767480462789536,0.21345695853233337,0.004142108839005232,-0.4270724654197693,0.01367361843585968,-0.0893372967839241,-0.06365381926298141,-0.022767480462789536,0.21345695853233337,1.0,0.08670609275142786,-0.14321844098622155,1.0625599683749973,0.06426401514898046,0.1968852888933368,0.9024998346667837,0.0,0.0,0.0,0,0.042
46,0,0.0,0.08967957635040134,-0.06901659078951265,1.1494055699597427,0.986391447699642,0.13772932358926676,-0.08265484917874269,0.03508163673327168,0.03728632143209542,-0.03736299143002789,-0.05887300660068803,1.3654219678552322,-0.048781904214317204,-0.06960873624232397,-0.05795082614080526,1.2873749627216244,0.42301186339904256,-0.4301950931549072,-0.04530458152294159,-0.17357894778251648,-0.027908239513635635,-0.03078444115817547,0.20481424033641815,0.007009446620941162,-0.4301950931549072,-0.04530458152294159,-0.17357894778251648,-0.027908239513635635,-0.03078444115817547,0.20481424033641815,1.0,0.08670609275142786,-0.14321844098622155,1.0625599683749973,0.06426401514898046,0.1968852888933368,0.9024998346667837,0.0,0.0,0.0,0,0.0416
47,0,0.0,0.08727009654397622,-0.06950159035746832,1.149716991123776,0.9840760634172775,0.14921107354524504,-0.08913766403834736,0.03721335500079263,0.03391533653001586,-0.03399069274687265,-0.05700158919826393,1.3643950330805559,-0.04996578914019206,-0.06970378272685065,-0.06574196053843955,1.2758288977092183,0.39876440813667197,-0.44120198488235474,-0.09876455366611481,-0.32735562324523926,-0.011808390729129314,-0.03275317698717117,0.20687411725521088,0.0031249469611793756,-0.44120198488235474,-0.09876455366611481,-0.32735562324523926,-0.011808390729129314,-0.03275317698717117,0.20687411725521088,1.0,0.08670609275142786,-0.14321844098622155,1.0625599683749973,0.06426401514898046,0.1968852888933368,0.9024998346667837,0.0,0.0,0.0,0,0.0416
48,1,0.054,0.08488712160249565,-0.07017466099021127,1.149129041737246,0.9816698808126177,0.16029131933464832,-0.09570241617929057,0.03836646437636537,0.029819706724374957,-0.029914571083635818,-0.055890359040870356,1.3647263281964497,-0.05073471180033497,-0.06973972558880107,-0.07233459464209063,1.265130272855266,0.3748577527161184,-0.11852046847343445,0.3366926908493042,0.6272175908088684,-0.06622318178415298,-0.06502524018287659,0.06262491643428802,-0.009274465031921864,-0.11852046847343445,0.3366926908493042,0.6272175908088684,-0.06622318178415298,-0.06502524018287659,0.06262491643428802,1.0,0.08670609275142786,-0.14321844098622155,1.0625599683749973,0.06426401514898046,0.1968852888933368,0.9024998346667837,0.0,0.0,0.0,0,0.0442
49,0,0.0,0.083945435846156,-0.06942952480501217,1.1516749395931016,0.9800543994047399,0.16832934546646683,-0.097832981659471,0.03984110141376841,0.025363854004393012,-0.02539799712392024,-0.05324875065589166,1.3607648742923064,-0.05089706734140611,-0.06960654911257855,-0.07739152565854794,1.2588848308730334,0.3596581276685493,-0.07628391683101654,0.3347497284412384,0.6886948943138123,-0.028934728354215622,-0.1048227995634079,0.03821574151515961,-0.021227573975920677,-0.07628391683101654,0.3347497284412384,0.6886948943138123,-0.028934728354215622,-0.1048227995634079,0.03821574151515961,1.0,0.08670609275142786,-0.14321844098622155,1.0625599683749973,0.06426401514898046,0.1968852888933368,0.9024998346667837,0.0,0.0,0.0,0,0.0425
50,0,0.0,0.08405001690259065,-0.0663654237724158,1.1595137820044765,0.9794997316334546,0.1723638070173955,-0.09552842439216294,0.04177695409685325,0.020679167260642804,-0.020665573786360237,-0.048215275231104956,1.3498077876921537,-0.05044662168356971,-0.0696766514228054,-0.08073422773690818,1.2535740384114125,0.3550801499431812,-0.09181015193462372,0.3438188433647156,0.7902494072914124,-0.00777923408895731,-0.11932018399238586,0.03287651389837265,0.0008043819689191878,-0.09181015193462372,0.3438188433647156,0.7902494072914124,-0.00777923408895731,-0.11932018399238586,0.03287651389837265,1.0,0.08670609275142786,-0.14321844098622155,1.0625599683749973,0.06426401514898046,0.1968852888933368,0.9024998346667837,0.0,0.0,0.0,0,0.0418
51,0,0.0,0.08422264015425063,-0.06225840218934033,1.1695055439667503,0.9794013569951238,0.17464476723333044,-0.09171021173574578,0.043144226236080135,0.015853209046501997,-0.015825722612625874,-0.04249194159926425,1.3358935757951158,-0.04949905032584378,-0.06972087445617597,-0.08236450033616714,1.2475085220276083,0.3549684344698472,-0.04795821011066437,0.33843472599983215,0.8010538220405579,-0.0020120299886912107,-0.14167796075344086,-0.008653353899717331,0.023825250566005707,-0.04795821011066437,0.33843472599983215,0.8010538220405579,-0.0020120299886912107,-0.14167796075344086,-0.008653353899717331,1.0,0.08670609275142786,-0.14321844098622155,1.0625599683749973,0.06426401514898046,0.1968852888933368,0.9024998346667837,0.0,0.0,0.0,0,0.0422
52,1,0.0531,0.08452414698715553,-0.05786407551342036,1.1805938049038411,0.979717883050847,0.17526254614054695,-0.08651696463889892,0.04416700556263616,0.01093936193339867,-0.0109299230100625,-0.036876624643492534,1.3205684472368693,-0.048259593773405975,-0.06975017300747305,-0.08273928249655382,1.2423747274022385,0.3586731523303808,0.17748843133449554,-0.5343074798583984,-0.2373524159193039,0.05989846959710121,-0.0540437288582325,0.018491106107831,1.006058692932129,0.17748843133449554,-0.5343074798583984,-0.2373524159193039,0.05989846959710121,-0.0540437288582325,0.018491106107831,-1.0,0.08670609275142786,-0.14321844098622155,1.0625599683749973,0.06426401514898046,0.1968852888933368,0.9024998346667837,0.0,0.0,0.0,0,0.044
53,0,0.0,0.0856576950047938,-0.057627948533169174,1.1854396628044441,0.980157254162104,0.17416833166595747,-0.08289768029479902,0.045663157576344766,0.007320997583270059,-0.007572176275192436,-0.03638268090030085,1.3112570381001927,-0.04797718225530173,-0.07658387090396634,-0.08422937087401872,1.2472426284950358,0.36109959108679585,0.059031568467617035,-0.601446807384491,-0.3909403085708618,0.08437538146972656,-0.0735262781381607,0.0020861010998487473,0.9771014451980591,0.059031568467617035,-0.601446807384491,-0.3909403085708618,0.08437538146972656,-0.0735262781381607,0.0020861010998487473,-1.0,0.08670609275142786,-0.14321844098622155,1.0625599683749973,0.06426401514898046,0.1968852888933368,0.9024998346667837,0.0,0.0,0.0,0,0.0427
54,0,0.0,0.08755684812417279,-0.061960893487631334,1.1832564048805925,0.9805793343699404,0.17278111065331556,-0.08107451240074423,0.04514177939549545,0.00692268731594885,-0.007238891587804301,-0.04248826518437745,1.308050181311835,-0.047021933231020455,-0.08951306734926699,-0.08334391836911141,1.2606964675592573,0.35932463428818157,-0.12155437469482422,-0.5367953181266785,-0.4807467460632324,0.0861080214381218,-0.10860241949558258,-0.010071102529764175,0.9906964898109436,-0.12155437469482422,-0.5367953181266785,-0.4807467460632324,0.0861080214381218,-0.10860241949558258,-0.010071102529764175,-1.0,0.08670609275142786,-0.14321844098622155,1.0625599683749973,0.06426401514898046,0.1968852888933368,0.9024998346667837,0.0,0.0,0.0,0,0.0425
55,0,0.0,0.08892715762402587,-0.06768202198089761,1.1793408251583732,0.9810901774974727,0.17117034429016487,-0.08015977121143464,0.04167958652497812,0.008392320735817936,-0.008685179393730475,-0.05192762234440126,1.3069399006798461,-0.04462206678187958,-0.10202816931264855,-0.07879693948694512,1.272948122174846,0.35603267705299607,-0.41393840312957764,-0.3827666640281677,-0.5239725112915039,0.06630171090364456,-0.1741788238286972,-0.011099707335233688,0.9851736426353455,-0.41393840312957764,-0.3827666640281677,-0.5239725112915039,0.06630171090364456,-0.1741788238286972,-0.011099707335233688,-1.0,0.08670609275142786,-0.14321844098622155,1.0625599683749973,0.06426401514898046,0.1968852888933368,0.9024998346667837,0.0,0.0,0.0,0,0.0426
56,1,0.0536,0.089036405111409,-0.07325981812657759,1.175830657347896,0.981565894417634,0.1694436265286183,-0.08059748440339967,0.03634966097205722,0.011406407349911154,-0.011630933974494419,-0.06212277487350195,1.3069430040885273,-0.041445229585844866,-0.11035417420617635,-0.07227368779115832,1.2785129187473343,0.35238732643287746,0.3049778938293457,-0.4053449034690857,-0.34166157245635986,0.012524130754172802,-0.01902426965534687,0.10851883888244629,0.9924210906028748,0.3049778938293457,-0.4053449034690857,-0.34166157245635986,0.012524130754172802,-0.01902426965534687,0.10851883888244629,-1.0,0.08670609275142786,-0.14321844098622155,1.0625599683749973,0.06426401514898046,0.1968852888933368,0.9024998346667837,0.0,0.0,0.0,0,0.0453
57,0,0.0,0.0902809162532975,-0.07887285373274888,1.1724938679956476,0.9814346369845625,0.17170987612605604,-0.07860663553447744,0.03350773966865671,0.015246679101708769,-0.01551468423518983,-0.07099703943015513,1.3089914711068467,-0.03956486665519155,-0.1160102323003198,-0.06896493256837087,1.290255845060861,0.34059056663153525,0.3153860569000244,-0.4481990337371826,-0.43769311904907227,0.04740700125694275,-0.10756821930408478,0.04409308731555939,0.994621217250824,0.3153860569000244,-0.4481990337371826,-0.43769311904907227,0.04740700125694275,-0.10756821930408478,0.04409308731555939,-1.0,0.08670609275142786,-0.14321844098622155,1.0625599683749973,0.06426401514898046,0.1968852888933368,0.9024998346667837,0.0,0.0,0.0,0,0.0427
58,0,0.0,0.09382120334819649,-0.08462643112436914,1.167802918239035,0.9811690007646228,0.17595941664902437,-0.07261426460942091,0.03275430057745776,0.019591455653689104,-0.01987760326338911,-0.07931567640051483,1.3130353541117779,-0.03816476067665058,-0.12308124469032583,-0.06664354292759302,1.313967682467965,0.32642878873061154,0.1654973179101944,-0.4481985569000244,-0.5685356259346008,0.07420805096626282,-0.16925062239170074,0.012034604325890541,1.0087459087371826,0.1654973179101944,-0.4481985569000244,-0.5685356259346008,0.07420805096626282,-0.16925062239170074,0.012034604325890541,-1.0,0.08670609275142786,-0.14321844098622155,1.0625599683749973,0.06426401514898046,0.1968852888933368,0.9024998346667837,0.0,0.0,0.0,0,0.0421
59,0,0.0,0.09764595784344496,-0.09023277217458436,1.1621331007123985,0.9814002022659112,0.17780557107864442,-0.06560834417771225,0.030567418276386565,0.024233765996352005,-0.0245062823224826,-0.08853921883805131,1.318364050489357,-0.03577509821754749,-0.13026306735008875,-0.06136516523143039,1.3397025178718758,0.3171931435217127,-0.041791245341300964,-0.4868006110191345,-0.5762101411819458,0.10309149324893951,-0.17586076259613037,-0.020100204274058342,1.007048487663269,-0.041791245341300964,-0.4868006110191345,-0.5762101411819458,0.10309149324893951,-0.17586076259613037,-0.020100204274058342,-1.0,0.08670609275142786,-0.14321844098622155,1.0625599683749973,0.06426401514898046,0.1968852888933368,0.9024998346667837,0.0,0.0,0.0,0,0.0418
60,1,0.0548,0.10038311285041919,-0.09593001165808662,1.156307799411239,0.9820090792914328,0.1771912090400941,-0.059819109734752365,0.026136521165655693,0.029038513730423852,-0.029294896640572034,-0.09914600030370667,1.3243120059920692,-0.0324828607547637,-0.13573110479180578,-0.053073743845558796,1.3603147359095737,0.3118352590688165,-0.7485747337341309,-0.17118464410305023,-0.5423704981803894,-0.0003376477397978306,-0.12682144343852997,0.09158247709274292,0.9977158904075623,-0.7485747337341309,-0.17118464410305023,-0.5423704981803894,-0.0003376477397978306,-0.12682144343852997,0.09158247709274292,-1.0,0.08670609275142786,-0.14321844098622155,1.0625599683749973,0.06426401514898046,0.1968852888933368,0.9024998346667837,0.0,0.0,0.0,0,0.0422
61,0,0.0,0.09982844867709013,-0.10108649160814827,1.1514361689701682,0.9818217086072699,0.17867200875036857,-0.06056182744993499,0.02084972068237015,0.03326357496323833,-0.03339390650380068,-0.1084657129623845,1.3293118034884408,-0.030061746501251582,-0.13798402101707719,-0.0468301928327638,1.3630712535938587,0.30110369502993656,-0.8222376704216003,-0.23670367896556854,-0.6029702425003052,-0.005330713000148535,-0.12639875710010529,0.06276936084032059,0.9839266538619995,-0.8222376704216003,-0.23670367896556854,-0.6029702425003052,-0.005330713000148535,-0.12639875710010529,0.06276936084032059,-1.0,0.08670609275142786,-0.14321844098622155,1.0625599683749973,0.06426401514898046,0.1968852888933368,0.9024998346667837,0.0,0.0,0.0,0,0.042
62,0,0.0,0.0958848090739853,-0.10542924774974474,1.14856042174222,0.9807748554105492,0.1822518445028944,-0.06784159601121278,0.016200803077584862,0.03577955310531822,-0.03585046167509347,-0.11567901309765488,1.3340935029509504,-0.029226226617277532,-0.133680046243008,-0.04446962378917845,1.347534237008025,0.2866727258656545,-0.9587818384170532,-0.23781953752040863,-0.6566720008850098,-0.0028725205920636654,-0.1615326851606369,0.04044998437166214,0.9774290919303894,-0.9587818384170532,-0.23781953752040863,-0.6566720008850098,-0.0028725205920636654,-0.1615326851606369,0.04044998437166214,-1.0,0.08670609275142786,-0.14321844098622155,1.0625599683749973,0.06426401514898046,0.1968852888933368,0.9024998346667837,0.0,0.0,0.0,0,0.0414
63,0,0.0,0.09102079899641026,-0.10957905531002839,1.1464370410727966,0.9797622011478044,0.18477610349155354,-0.07604032967179904,0.011903320708556202,0.0371983388635537,-0.03723197966747578,-0.12250858967706327,1.3412707109761781,-0.028901199185714384,-0.12290731194187915,-0.04295227219582181,1.3262791744029427,0.27436332012898873,-1.0047541856765747,-0.2398529201745987,-0.6821763515472412,-0.011545317247509956,-0.1870911419391632,0.02569173090159893,0.9868784546852112,-1.0047541856765747,-0.2398529201745987,-0.6821763515472412,-0.011545317247509956,-0.1870911419391632,0.02569173090159893,-1.0,0.08670609275142786,-0.14321844098622155,1.0625599683749973,0.06426401514898046,0.1968852888933368,0.9024998346667837,0.0,0.0,0.0,0,0.0425
64,1,0.0534,0.08573033342883718,-0.1136656251995853,1.1445302007859868,0.9789102217182138,0.186063612579373,-0.08399176295634242,0.007777766067145298,0.037994016666616774,-0.03800662834662828,-0.12940486355802253,1.3519319835283816,-0.028765002422488268,-0.10532380135937953,-0.04160084472039713,1.3022368485474503,0.26438732972293993,-0.8079150319099426,0.0374600887298584,-0.7137339115142822,-0.04542536661028862,-0.11177587509155273,0.12690259516239166,0.9971297383308411,-0.8079150319099426,0.0374600887298584,-0.7137339115142822,-0.04542536661028862,-0.11177587509155273,0.12690259516239166,-1.0,0.08670609275142786,-0.14321844098622155,1.0625599683749973,0.06426401514898046,0.1968852888933368,0.9024998346667837,0.0,0.0,0.0,0,0.0442
65,0,0.0,0.08060229058902983,-0.11641033476670085,1.1417014697333114,0.9774694729683968,0.1901345975027913,-0.09156221986007823,0.004315569676143403,0.03847708512518376,-0.03840419434727839,-0.1340792308430842,1.3670695722211477,-0.028862014055926574,-0.08236831183580105,-0.041558546613332484,1.2784538394163971,0.2502197744959276,-0.8570936918258667,0.04663514345884323,-0.7107367515563965,-0.03006947785615921,-0.12761138379573822,0.11398637294769287,0.9843710064888,-0.8570936918258667,0.04663514345884323,-0.7107367515563965,-0.03006947785615921,-0.12761138379573822,0.11398637294769287,-1.0,0.08670609275142786,-0.14321844098622155,1.0625599683749973,0.06426401514898046,0.1968852888933368,0.9024998346667837,0.0,0.0,0.0,0,0.0437
66,0,0.0,0.0756571955447605,-0.11761207367789737,1.136347998237486,0.9752894356301667,0.19651074851917946,-0.1009613807783661,0.0009176360651128312,0.03873564123993962,-0.03863909531019105,-0.13624393201958113,1.3820526793041807,-0.029205776733781524,-0.0664941957810273,-0.04283495033937531,1.2577301446910383,0.23394844595554176,-0.850864052772522,0.05122268944978714,-0.6786525845527649,-0.03062347322702408,-0.14130611717700958,0.09811674058437347,1.007509708404541,-0.850864052772522,0.05122268944978714,-0.6786525845527649,-0.03062347322702408,-0.14130611717700958,0.09811674058437347,-1.0,0.08670609275142786,-0.14321844098622155,1.0625599683749973,0.06426401514898046,0.1968852888933368,0.9024998346667837,0.0,0.0,0.0,0,0.0429
67,0,0.0,0.07170979224586452,-0.11838650791955681,1.1302861680406127,0.9729863401673118,0.20216866089825938,-0.11143531550046776,-0.002754062042680555,0.03887394881845713,-0.03877675663009591,-0.1373580692666345,1.3878969382259336,-0.02953856386566095,-0.06895003347156141,-0.04436630396637708,1.2444490459508417,0.2201440670311896,-0.779985785484314,0.04755856841802597,-0.6365333795547485,-0.03591373190283775,-0.1499566286802292,0.08279525488615036,1.0102362632751465,-0.779985785484314,0.04755856841802597,-0.6365333795547485,-0.03591373190283775,-0.1499566286802292,0.08279525488615036,-1.0,0.08670609275142786,-0.14321844098622155,1.0625599683749973,0.06426401514898046,0.1968852888933368,0.9024998346667837,0.0,0.0,0.0,0,0.0435
68,1,0.0547,0.06827237960479508,-0.11894957817919864,1.12619821233853,0.9709753993433612,0.20681938183890197,-0.12000984262425315,-0.005491342192489479,0.03895539961240516,-0.03884951228468541,-0.13801306273977657,1.3924038358675797,-0.02997127562894926,-0.06955475309349846,-0.04624558862404904,1.232007077751988,0.20872407382589073,-0.7724207639694214,0.000489458441734314,-0.7058705687522888,-0.0173552967607975,-0.18987470865249634,0.08158490061759949,0.9904597401618958,-0.7724207639694214,0.000489458441734314,-0.7058705687522888,-0.0173552967607975,-0.18987470865249634,0.08158490061759949,-1.0,0.08670609275142786,-0.14321844098622155,1.0625599683749973,0.06426401514898046,0.1968852888933368,0.9024998346667837,0.0,0.0,0.0,0,0.0446
69,0,0.0,0.065348164382458,-0.11949763735901225,1.1221828392811095,0.9691755671297098,0.2108104861889432,-0.12725091323676618,-0.008053823439505538,0.039005431609981656,-0.038897612976409535,-0.13880041088582706,1.3973683247875552,-0.030174981810350457,-0.06963308124349823,-0.04765745751616629,1.222061357514296,0.19876263507303024,-0.7787855863571167,0.0007262825965881348,-0.7046808004379272,-0.01409668568521738,-0.1967114508152008,0.07568671554327011,0.9951511025428772,-0.7787855863571167,0.0007262825965881348,-0.7046808004379272,-0.01409668568521738,-0.1967114508152008,0.07568671554327011,-1.0,0.08670609275142786,-0.14321844098622155,1.0625599683749973,0.06426401514898046,0.1968852888933368,0.9024998346667837,0.0,0.0,0.0,0,0.0441
70,0,0.0,0.0626539082490791,-0.12018867188019382,1.1177849568326488,0.9674744539124556,0.2144073633374358,-0.13379879247569612,-0.010979376372490003,0.03905114779588238,-0.03894188663392217,-0.1400782830632099,1.4029908601574177,-0.030145982015441098,-0.06964041159010376,-0.048241717249735534,1.2136570589775941,0.1894422949529264,-0.7894771099090576,-0.00829605758190155,-0.7182568311691284,-0.011825855821371078,-0.20769625902175903,0.0678006261587143,0.998324990272522,-0.7894771099090576,-0.00829605758190155,-0.7182568311691284,-0.011825855821371078,-0.20769625902175903,0.0678006261587143,-1.0,0.08670609275142786,-0.14321844098622155,1.0625599683749973,0.06426401514898046,0.1968852888933368,0.9024998346667837,0.0,0.0,0.0,0,0.0426
71,0,0.0,0.060010125070471564,-0.12103531500757815,1.1131744598164126,0.9658401750238519,0.21757750839257428,-0.14004169188238785,-0.01418127943069801,0.03909527403613109,-0.0389838583184418,-0.14176799373269813,1.4089766636914316,-0.030020341383877717,-0.06963821416660396,-0.048285712187012886,1.205960648012506,0.18076628166256287,-0.7607273459434509,-0.00844624638557434,-0.711066484451294,-0.00919189304113388,-0.23409175872802734,0.05036836862564087,0.98857581615448,-0.7607273459434509,-0.00844624638557434,-0.711066484451294,-0.00919189304113388,-0.23409175872802734,0.05036836862564087,-1.0,0.08670609275142786,-0.14321844098622155,1.0625599683749973,0.06426401514898046,0.1968852888933368,0.9024998346667837,0.0,0.0,0.0,0,0.0428
72,1,0.0534,0.0577062097013256,-0.12200770161902313,1.1085081696779093,0.9644443689254956,0.22006273686145497,-0.14530684579597003,-0.01747488648814228,0.039137805146280714,-0.039023728316938386,-0.143869895047666,1.415132184463322,-0.029580869701492808,-0.06963165614490349,-0.0476811340071621,1.2002246940980095,0.17348335190003167,-0.4424607753753662,0.1661868691444397,-0.39839398860931396,-0.010889861732721329,-0.2530999183654785,0.04204721003770828,0.034306131303310394,-0.4424607753753662,0.1661868691444397,-0.39839398860931396,-0.010889861732721329,-0.2530999183654785,0.04204721003770828,1.0,0.08670609275142786,-0.14321844098622155,1.0625599683749973,0.06426401514898046,0.1968852888933368,0.9024998346667837,0.0,0.0,0.0,0,0.0453
73,0,0.0,0.057102269585795916,-0.12210021623220775,1.1052285138054838,0.9636627343708449,0.22238788450824762,-0.14658629863352557,-0.020253894977872694,0.03893049839265621,-0.03878379591622239,-0.1451363371345624,1.4194581390731242,-0.028282980089269723,-0.06961310369724834,-0.04543357684836421,1.2007119777723823,0.16834800444432763,-0.2735667824745178,0.17019659280776978,-0.3189336359500885,-0.018546495586633682,-0.264791876077652,-0.0003151819109916687,0.002404797589406371,-0.2735667824745178,0.17019659280776978,-0.3189336359500885,-0.018546495586633682,-0.264791876077652,-0.0003151819109916687,1.0,0.08670609275142786,-0.14321844098622155,1.0625599683749973,0.06426401514898046,0.1968852888933368,0.9024998346667837,0.0,0.0,0.0,0,0.0441
74,0,0.0,0.05822567857491554,-0.12127881376402228,1.103573830401488,0.9637366486915894,0.2235634454025542,-0.14406513681759753,-0.02182416555492575,0.03708436262568632,-0.036903051864937,-0.1453120711651019,1.421783441582126,-0.02651947087348965,-0.0696455364995363,-0.04232166754209421,1.2069149872791345,0.16758230965718784,-0.0940239280462265,0.15808147192001343,-0.17218178510665894,-0.016201816499233246,-0.2530711591243744,-0.005013174377381802,0.01876235008239746,-0.0940239280462265,0.15808147192001343,-0.17218178510665894,-0.016201816499233246,-0.2530711591243744,-0.005013174377381802,1.0,0.08670609275142786,-0.14321844098622155,1.0625599683749973,0.06426401514898046,0.1968852888933368,0.9024998346667837,0.0,0.0,0.0,0,0.0432
75,0,0.0,0.06053584227682659,-0.1201850953559551,1.1029671072672773,0.964482991291612,0.22352083439086512,-0.1390006894875006,-0.022131525577647485,0.03386452296378379,-0.03366900388790358,-0.14492585069514735,1.4228464218205459,-0.024718075656568847,-0.06967501283571768,-0.039162710550074524,1.217405267758102,0.1700427517697571,0.0003791004419326782,0.16680677235126495,0.04772092401981354,-0.0135415717959404,-0.2214244157075882,-0.0010967515408992767,0.008710171096026897,0.0003791004419326782,0.16680677235126495,0.04772092401981354,-0.0135415717959404,-0.2214244157075882,-0.0010967515408992767,1.0,0.08670609275142786,-0.14321844098622155,1.0625599683749973,0.06426401514898046,0.1968852888933368,0.9024998346667837,0.0,0.0,0.0,0,0.043
76,1,0.0536,0.06337604496455113,-0.11883429984037573,1.103844244879397,0.965431523308144,0.2233108805095175,-0.13268829142214608,-0.021634273004907636,0.02987182506726191,-0.029652564740284548,-0.1439495061368013,1.4219287616630032,-0.023045930006903987,-0.069690821170926,-0.036338076744147116,1.2286654000979231,0.17325280934111684,-0.4849989414215088,0.09315386414527893,-0.5368568301200867,-0.058224573731422424,-0.22862619161605835,0.02745160274207592,0.01854921318590641,-0.4849989414215088,0.09315386414527893,-0.5368568301200867,-0.058224573731422424,-0.22862619161605835,0.02745160274207592,1.0,0.08670609275142786,-0.14321844098622155,1.0625599683749973,0.06426401514898046,0.1968852888933368,0.9024998346667837,0.0,0.0,0.0,0,0.0486
77,0,0.0,0.06429509737137042,-0.11801514255632443,1.1033191754814053,0.9656439572046882,0.22335734466932866,-0.13113380063304297,-0.021146414066444453,0.025432805908054603,-0.02520995429029685,-0.14287697625439166,1.4229817845120243,-0.0227046620706896,-0.06973820979528664,-0.03629115204911853,1.232408905358384,0.17451764773371584,-0.3513755798339844,0.11830471456050873,-0.47247231006622314,-0.057398587465286255,-0.21482527256011963,0.009966596961021423,0.0027656923048198223,-0.3513755798339844,0.11830471456050873,-0.47247231006622314,-0.057398587465286255,-0.21482527256011963,0.009966596961021423,1.0,0.08670609275142786,-0.14321844098622155,1.0625599683749973,0.06426401514898046,0.1968852888933368,0.9024998346667837,0.0,0.0,0.0,0,0.046
78,0,0.0,0.06453933906434062,-0.11744044961732013,1.1010596644786297,0.9655276434442429,0.22363084950189885,-0.13164400357328776,-0.020383062067819997,0.02074971775954148,-0.021866340795349326,-0.1415491141592934,1.4262033491084214,-0.02297164751972534,-0.0696826197944854,-0.03754800736209959,1.2352168909365795,0.175100403443117,-0.2241123914718628,0.15636499226093292,-0.37184298038482666,-0.060148321092128754,-0.19591155648231506,0.008765961974859238,0.018147291615605354,-0.2241123914718628,0.15636499226093292,-0.37184298038482666,-0.060148321092128754,-0.19591155648231506,0.008765961974859238,1.0,0.08660096366537397,-0.14344115176239466,1.0629084514095584,0.06426401514898046,0.1968852888933368,0.9024998346667837,15.435323045093469,0.0,0.0,6,0.0479
79,0,0.0,0.06544799835249505,-0.11590441244202696,1.1004037628031758,0.9655955365395715,0.22402940444800565,-0.13063540902207207,-0.01924774446950513,0.015939805795489217,-0.020830972388190223,-0.13901179457294027,1.4272219125372012,-0.022998147510181553,-0.06967588184654533,-0.03833833090851845,1.2389794024758767,0.17686623044587627,-0.14660173654556274,0.21345949172973633,-0.24706873297691345,-0.07130556553602219,-0.19081129133701324,0.0067876484245061874,0.009504222311079502,-0.14660173654556274,0.21345949172973633,-0.24706873297691345,-0.07130556553602219,-0.19081129133701324,0.0067876484245061874,1.0,0.083567611387431,-0.1464855895503197,1.0633530509023386,0.06426401514898046,0.1968852888933368,0.9024998346667837,8.857236703504306,0.0,0.0,4,0.0461
80,1,0.0551,0.06697761036494576,-0.11378269830279795,1.1004403309847353,0.9658588434679917,0.22426934540227728,-0.12856125340109448,-0.01708681747564285,0.01103900470174974,-0.01626999636767336,-0.13533186955242735,1.4274442787690595,-0.023271288646909184,-0.06970660624150123,-0.039786189402973904,1.2445721111143884,0.18004003017246661,0.03462659567594528,0.26817089319229126,0.08495967090129852,-0.06936097145080566,-0.17667654156684875,0.0026409458369016647,0.01231955923140049,0.03462659567594528,0.26817089319229126,0.08495967090129852,-0.06936097145080566,-0.17667654156684875,0.0026409458369016647,1.0,0.08359436908733359,-0.15245131233600517,1.0647465733008274,0.06426401514898046,0.1968852888933368,0.9024998346667837,0.009574059169116671,0.0,0.0,2,0.0489
81,0,0.0,0.06932870304055525,-0.11134066644604385,1.1013826411762795,0.9663985912314537,0.22426853996506002,-0.12486424456504905,-0.013649369106317248,0.006823192747088627,-0.009825663779432735,-0.13077770707013942,1.4265099487171358,-0.02380837027053374,-0.06970337647296428,-0.041901621779766716,1.252993671936525,0.18453703200047672,0.08910434693098068,0.2498052418231964,0.22860552370548248,-0.07178031653165817,-0.15808884799480438,-0.0011280570179224014,0.013163452968001366,0.08910434693098068,0.2498052418231964,0.22860552370548248,-0.07178031653165817,-0.15808884799480438,-0.0011280570179224014,1.0,0.08361854220835896,-0.15471960460015713,1.063072611007427,0.06426401514898046,0.1968852888933368,0.9024998346667837,0.0016990985490633402,0.0,0.0,2,0.0503
82,0,0.0,0.0721021575070546,-0.10856805657780376,1.1041722189112806,0.9671242874829399,0.22398123731675496,-0.12006551099913472,-0.009342963083885568,0.004652870509085169,-0.006306741334328362,-0.12553012406273928,1.4231376194063687,-0.024576189273870723,-0.06972006500507506,-0.04457558462512872,1.2614385379813071,0.1901659330182289,0.14806689321994781,0.21435697376728058,0.44350123405456543,-0.06876467168331146,-0.13479411602020264,-0.0016283448785543442,0.010958866216242313,0.14806689321994781,0.21435697376728058,0.44350123405456543,-0.06876467168331146,-0.13479411602020264,-0.0016283448785543442,1.0,0.08682321383168888,-0.15415120791324574,1.0629450971776524,0.06426401514898046,0.1968852888933368,0.9024998346667837,3.9609970141599122,0.0,0.0,5,0.0516
83,0,0.0,0.07488634469718042,-0.10586304492013787,1.1088914629560116,0.9679247170583605,0.22340528418472672,-0.11486021898648605,-0.004353297624736789,0.004233850657725068,-0.005254659066257562,-0.1200774993210947,1.4171281596523377,-0.025694947733816084,-0.06973221695772355,-0.04799206325193691,1.268413648777516,0.196213455874807,0.17464780807495117,0.18047167360782623,0.5465322732925415,-0.055110011249780655,-0.1155242770910263,-0.003820125013589859,-0.002923767315223813,0.17464780807495117,0.18047167360782623,0.5465322732925415,-0.055110011249780655,-0.1155242770910263,-0.003820125013589859,1.0,0.09090793173227373,-0.14864025562664443,1.0646059201383988,0.06426401514898046,0.1968852888933368,0.9024998346667837,5.546072538904405,0.0,0.0,5,0.0587
84,1,0.0528,0.07754455326568716,-0.10325054298288273,1.1152567428763631,0.9687295740335357,0.22272844197405353,-0.10933697509558428,0.0006923911911725714,0.0034156066300153843,-0.003926107870459856,-0.11478797204807378,1.4088981245495054,-0.026842970338295892,-0.06975752303933455,-0.05142747813176797,1.2737248739816696,0.20213538135962475,0.1898520439863205,0.32001692056655884,0.7158578038215637,-0.10447803884744644,-0.090489462018013,0.0006607603281736374,0.009867588989436626,0.1898520439863205,0.32001692056655884,0.7158578038215637,-0.10447803884744644,-0.090489462018013,0.0006607603281736374,1.0,0.09426414331668459,-0.14193037468923977,1.0669211838739743,0.06426401514898046,0.1968852888933368,0.9024998346667837,0.06634047433031313,0.0,0.0,2,0.0473
85,0,0.0,0.0799258882635831,-0.10036066731992796,1.1231534161677177,0.9693797134025377,0.22231275895170846,-0.10411319817527537,0.006360064198404472,0.0025276025294001282,-0.0027294107153795918,-0.10863209019011669,1.3985406190850842,-0.0285043235525249,-0.06976503696941927,-0.05606485368067671,1.2766291974322246,0.2077220885849498,0.17783892154693604,0.26136916875839233,0.8296324014663696,-0.06611959636211395,-0.09393100440502167,-0.0012623518705368042,0.004275365266948938,0.17783892154693604,0.26136916875839233,0.8296324014663696,-0.06611959636211395,-0.09393100440502167,-0.0012623518705368042,1.0,0.09598743749992268,-0.13396626300723302,1.0696414727492871,0.06426401514898046,0.1968852888933368,0.9024998346667837,0.014093879054634368,0.0,0.0,1,0.0462
86,0,0.0,0.08207659894520347,-0.09687469857069134,1.132674677136918,0.9699480068754963,0.22197153777870243,-0.09887916198633441,0.012345513326301988,0.002189349643861349,-0.0022965065422314163,-0.10160764703976645,1.3859426219121231,-0.0303000760155681,-0.06978272623050284,-0.06108912388854499,1.2774298332978533,0.21369771477109636,0.195852130651474,0.2701728045940399,0.9206761717796326,-0.06647715717554092,-0.0955769419670105,-0.0014458876103162766,-0.0036020048428326845,0.195852130651474,0.2701728045940399,0.9206761717796326,-0.06647715717554092,-0.0955769419670105,-0.0014458876103162766,1.0,0.09824294438220307,-0.12879530853736995,1.0776096370390709,0.06426401514898046,0.1968852888933368,0.9024998346667837,3.905166836673254,0.0,0.0,6,0.0439
87,0,0.0,0.08413514310667504,-0.09325843283959194,1.1435222280231052,0.9705506748096043,0.22150797083480128,-0.09294044880219637,0.018101918674994624,0.002205535494162513,-0.002291176991705905,-0.09466125152557539,1.3715528000398345,-0.031899731986955886,-0.06983439378488723,-0.06567210614422003,1.2775881140901972,0.21979120837847363,0.193548321723938,0.3180391788482666,0.9453132748603821,-0.05898109823465347,-0.10113133490085602,-0.0024560224264860153,0.003797987475991249,0.193548321723938,0.3180391788482666,0.9453132748603821,-0.05898109823465347,-0.10113133490085602,-0.0024560224264860153,1.0,0.10035336364585117,-0.1258719438313714,1.0888432425609442,0.06426401514898046,0.1968852888933368,0.9024998346667837,4.693052694764872,0.0,0.0,6,0.0491
88,1,0.0537,0.0860799291211588,-0.08940886416520345,1.155098789281976,0.9711356316671372,0.2210437185219454,-0.08647552711977101,0.023605986906243416,0.0026206693694491895,-0.002483858579597436,-0.08762722726766657,1.3562547967074667,-0.03329119500543914,-0.06984718696716297,-0.06981651422166181,1.2775135288819766,0.2259726946947806,-0.03641727566719055,0.3959493637084961,0.7741401195526123,-0.0543103963136673,-0.03081473521888256,-0.008070578798651695,-0.0028509367257356644,-0.03641727566719055,0.3959493637084961,0.7741401195526123,-0.0543103963136673,-0.03081473521888256,-0.008070578798651695,1.0,0.09991162364455314,-0.12535621003887537,1.1018080681027576,0.06426401514898046,0.1968852888933368,0.9024998346667837,1.637455656334957,0.0,0.0,6,0.0476
89,0,0.0,0.08646262178457999,-0.08491337313864103,1.1658109879247425,0.9714300680543911,0.22051291018558142,-0.0833143603225443,0.027502666877424788,0.002370405156379252,-0.002166303004160082,-0.08010469668486628,1.3410513233953552,-0.0344320958126284,-0.07099190889014577,-0.07347467659906748,1.2707733623133848,0.23241943470891563,-0.09330214560031891,0.30945053696632385,0.7736936211585999,-0.009396491572260857,-0.06851116567850113,-0.014301085844635963,-0.018442362546920776,-0.09330214560031891,0.30945053696632385,0.7736936211585999,-0.009396491572260857,-0.06851116567850113,-0.014301085844635963,1.0,0.10259840197514987,-0.11899623328533004,1.1118712420305776,0.06426401514898046,0.1968852888933368,0.9024998346667837,2.982664818392119,0.0,0.0,6,0.0429
90,0,0.0,0.0859298101091358,-0.08010063902964616,1.1762740226692294,0.9717358555101666,0.21954250308250184,-0.08144458585950054,0.029954897602360274,0.002323959694846038,-0.0021284026325914173,-0.07288889500110732,1.3259509573358654,-0.034957396814495265,-0.07177235466014417,-0.07576481264313366,1.2608130148817607,0.23972244710104457,-0.046829864382743835,0.2673604488372803,0.7833364605903625,-0.0009663538075983524,-0.08097995817661285,-0.015800777822732925,0.010436049662530422,-0.046829864382743835,0.2673604488372803,0.7833364605903625,-0.0009663538075983524,-0.08097995817661285,-0.015800777822732925,1.0,0.10241004730367685,-0.11444846460515666,1.1225972132347999,0.06426401514898046,0.1968852888933368,0.9024998346667837,3.524772547564301,0.0,0.0,6,0.0401
91,0,0.0,0.08554035457541305,-0.07571845155540527,1.187005758640083,0.9722624024486345,0.21816220499728378,-0.0781563877048285,0.031664683110106555,0.002301063065249669,-0.0021164533056514745,-0.06690564200865885,1.3110544010306924,-0.03492123846307801,-0.07164302052698436,-0.07648356245756786,1.252493049884292,0.24724997796223885,-0.01017819344997406,0.2613503038883209,0.8061994314193726,-0.003629842307418585,-0.10885639488697052,-0.047943077981472015,0.02112329564988613,-0.01017819344997406,0.2613503038883209,0.8061994314193726,-0.003629842307418585,-0.10885639488697052,-0.047943077981472015,1.0,0.1023747925625818,-0.11020816059465041,1.1335309295747362,0.06426401514898046,0.1968852888933368,0.9024998346667837,3.857298873738494,0.0,0.0,6,0.04
92,1,0.0538,0.08553323764810059,-0.07186410902941122,1.1979359355827683,0.9731099591509906,0.21585659832111412,-0.07317496265498039,0.03329205915584192,0.002284571537437249,-0.0021115659787882294,-0.061934242895542876,1.296404106312079,-0.0346248848354859,-0.07087885501704695,-0.07633428168309041,1.2469755245284773,0.2562801860710173,-0.03561042249202728,0.4782291650772095,0.7911046743392944,-0.00312055298127234,-0.036189064383506775,-0.02934722974896431,-0.0002698079333640635,-0.03561042249202728,0.4782291650772095,0.7911046743392944,-0.00312055298127234,-0.036189064383506775,-0.02934722974896431,1.0,0.10281217701066754,-0.10647717359204033,1.1446855053308644,0.06426401514898046,0.1968852888933368,0.9024998346667837,4.061105085085307,0.0,0.0,6,0.0405
93,0,0.0,0.08502013457705634,-0.06712334503785755,1.2083636851234911,0.9738604368624992,0.21374365085616198,-0.06905772775504393,0.03377175550619297,0.002277219684966258,-0.0021058922150617447,-0.05621384984618449,1.2819606818103901,-0.03372749653534911,-0.07058742253176056,-0.07507410582550379,1.239419797946076,0.265829065920681,-0.0815538614988327,0.5085386633872986,0.6777578592300415,0.00730170588940382,-0.0559423603117466,-0.0378255695104599,0.004772817250341177,-0.0815538614988327,0.5085386633872986,0.6777578592300415,0.00730170588940382,-0.0559423603117466,-0.0378255695104599,1.0,0.10262661049737436,-0.10177289907009215,1.155242021701372,0.06426401514898046,0.1968852888933368,0.9024998346667837,4.1938294520075345,0.0,0.0,6,0.0402
94,0,0.0,0.0840737074379001,-0.06115487413854038,1.2180715430142222,0.9744665385002103,0.21200651478288862,-0.06596676625763596,0.03341539738713774,0.0022715584220770295,-0.0021037498752927907,-0.04923399849531541,1.2679875310843822,-0.03243594807456878,-0.07084061295990209,-0.07316049726525785,1.2305306524078874,0.2763203048795304,-0.05599898099899292,0.5640605092048645,0.6098499894142151,0.017044708132743835,-0.06541332602500916,-0.05824439227581024,-0.0023339418694376945,-0.05599898099899292,0.5640605092048645,0.6098499894142151,0.017044708132743835,-0.06541332602500916,-0.05824439227581024,1.0,0.10189080428060578,-0.09576048149536229,1.164991604103935,0.06426401514898046,0.1968852888933368,0.9024998346667837,4.270679935654192,0.0,0.0,6,0.0386
95,0,0.0,0.08327838714379793,-0.0544323666497142,1.2270175875235638,0.9752627880989806,0.20949378313567488,-0.06255833431289802,0.03257765775650577,0.002267450461142964,-0.00210318267317441,-0.04161946403678486,1.2549658690683982,-0.030704136849203426,-0.07132692415176489,-0.0703598670153086,1.2231274774890712,0.28971428182507125,-0.027102753520011902,0.6080337166786194,0.4984113574028015,0.020114745944738388,-0.06861463189125061,-0.07350097596645355,0.0010939235799014568,-0.027102753520011902,0.6080337166786194,0.4984113574028015,0.020114745944738388,-0.06861463189125061,-0.07350097596645355,1.0,0.101270122461477,-0.08897472233128785,1.1739556497457102,0.06426401514898046,0.1968852888933368,0.9024998346667837,4.31688068415381,0.0,0.0,6,0.0389
96,1,0.055,0.08280700908254733,-0.04706513938078989,1.234850737361344,0.9762881308088598,0.20596616983862956,-0.058796153107321274,0.03134381762847922,0.0022644617091300374,-0.0021032832702656263,-0.03345444669780673,1.2432696395644431,-0.028606930882887925,-0.07243773554179793,-0.06679578666015154,1.2180399159361217,0.30636520506043896,0.0213710218667984,0.6429277062416077,0.44812917709350586,0.00613816361874342,-0.02380918711423874,-0.07890579849481583,-0.002304154448211193,0.0213710218667984,0.6429277062416077,0.44812917709350586,0.00613816361874342,-0.02380918711423874,-0.07890579849481583,1.0,0.10093237619251516,-0.0815418429967357,1.1817914632733137,0.06426401514898046,0.1968852888933368,0.9024998346667837,4.344864016278086,0.0,0.0,6,0.0394
97,0,0.0,0.08247471917359639,-0.0392993160138987,1.241281641912928,0.977374941990081,0.20181741509526374,-0.05562289548977369,0.030233214044889115,0.002262184017939574,-0.0021036291731667506,-0.02454977264764088,1.2328609790452503,-0.02668335299126937,-0.07486326917394126,-0.06365122756962553,1.2143963496367016,0.32497842847713854,-0.003731966018676758,0.6919801235198975,0.3145284056663513,0.006869221106171608,-0.017778191715478897,-0.06754285097122192,-0.01170018594712019,-0.003731966018676758,0.6919801235198975,0.3145284056663513,0.006869221106171608,-0.017778191715478897,-0.06754285097122192,1.0,0.1006348249820222,-0.07376084037301116,1.1882243521680869,0.06426401514898046,0.1968852888933368,0.9024998346667837,4.362211712999153,0.0,0.0,6,0.0385
98,0,0.0,0.08212281974320434,-0.030971089293212472,1.2462548970024985,0.9783375696216406,0.19782062610301165,-0.053567363211041,0.029208515088066496,0.0022615648946572526,-0.0021030902369879806,-0.01462889723338826,1.2235831166073798,-0.024939274286761137,-0.07890400443521635,-0.06101132084723789,1.211392610289106,0.34412990550239225,-0.01486903429031372,0.7321917414665222,0.2284674197435379,0.009477262385189533,-0.015255946666002274,-0.05848460644483566,-0.012819603085517883,-0.01486903429031372,0.7321917414665222,0.2284674197435379,0.009477262385189533,-0.015255946666002274,-0.05848460644483566,1.0,0.1002124983307571,-0.06545042568415811,1.193183643393681,0.06426401514898046,0.1968852888933368,0.9024998346667837,4.374187391628176,0.0,0.0,6,0.0396
99,0,0.0,0.08178623325339279,-0.021972916938183235,1.249995267322306,0.9791451149303406,0.19430077760907005,-0.0522914743314556,0.02806516418626069,0.002261859268038727,-0.0021021390687583287,-0.003763244096684497,1.215384760063103,-0.02317051673496319,-0.08406072203171665,-0.05848542962839913,1.2091150835138125,0.36333664866148485,-0.015535667538642883,0.7722731232643127,0.13298775255680084,0.00535811111330986,-0.0067804064601659775,-0.054435208439826965,0.005054328590631485,-0.015535667538642883,0.7722731232643127,0.13298775255680084,0.00535811111330986,-0.0067804064601659775,-0.054435208439826965,1.0,0.0997512019056021,-0.05645432592658708,1.1968810452437497,0.06426401514898046,0.1968852888933368,0.9024998346667837,4.380343394408304,0.0,0.0,6,0.0388
100,1,0.0543,0.0814748004797449,-0.012423256944403788,1.2526053841530043,0.9798318581224396,0.19113801528467877,-0.05167602770229983,0.026932825367416917,0.002262754309862877,-0.0021008016349407885,0.007934573848175148,1.2082748567091317,-0.021420452971711405,-0.09014809660763054,-0.056212092346797485,1.2076250477311428,0.3826759747560836,0.21262681484222412,0.7528509497642517,0.14721278846263885,0.024636168032884598,0.0058783311396837234,-0.03099960833787918,0.0001251643116120249,0.21262681484222412,0.7528509497642517,0.14721278846263885,0.024636168032884598,0.0058783311396837234,-0.03099960833787918,1.0,0.09927002446951458,-0.046906418928607474,1.1994329749537964,0.06426401514898046,0.1968852888933368,0.9024998346667837,4.383945282466834,0.0,0.0,6,0.0399
101,0,0.0,0.08219045304028509,-0.0024684008084812064,1.2543120765104108,0.9804361770486664,0.188738912876997,-0.04944810923524545,0.026027101130617937,0.0022626957721576754,-0.002100957610279571,0.020050231128577962,1.2022136732454796,-0.019498417325464826,-0.09749356414490924,-0.05382120839642459,1.2120788895275076,0.40123413389348805,0.21763193607330322,0.7642386555671692,0.11909805238246918,0.020418982952833176,0.007803574204444885,-0.028666865080595016,0.0032657398842275143,0.21763193607330322,0.7642386555671692,0.11909805238246918,0.020418982952833176,0.007803574204444885,-0.028666865080595016,1.0,0.10003532725133074,-0.036914972846298466,1.2011313002584094,0.06426401514898046,0.1968852888933368,0.9024998346667837,4.387394167977756,0.0,0.0,6,0.0384
102,0,0.0,0.08365551790653208,0.0075808226059424656,1.2551417645230234,0.9809506911289421,0.1869867007908968,-0.04625370958024168,0.025145768054517008,0.002262593507628182,-0.0021007777159620642,0.032165140125597444,1.1966430145711084,-0.01744109197509949,-0.10676575141579414,-0.051401118034829954,1.2207771648437127,0.41879932347390464,0.1646403968334198,0.7488334774971008,0.09548114240169525,0.013759779743850231,0.010381726548075676,-0.027154531329870224,0.006652058567851782,0.1646403968334198,0.7488334774971008,0.09548114240169525,0.013759779743850231,0.010381726548075676,-0.027154531329870224,1.0,0.10170198190255542,-0.02677850922129376,1.2019707816962062,0.06426401514898046,0.1968852888933368,0.9024998346667837,4.3854657459150985,0.0,0.0,6,0.0401
103,0,0.0,0.084968555677676,0.017512631268479323,1.2554940914426687,0.9813919649808198,0.18537881912667098,-0.043696618293836614,0.02439487733045343,0.0022624554152807634,-0.002100479278215393,0.04427045421344441,1.190928464935181,-0.015499675106916078,-0.11743518770842297,-0.04956287973111699,1.2295614812171014,0.4358445318932404,0.15884895622730255,0.728879988193512,0.08226844668388367,0.008024601265788078,0.015152256935834885,-0.02580658346414566,0.0001177660669782199,0.15884895622730255,0.728879988193512,0.08226844668388367,0.008024601265788078,0.015152256935834885,-0.02580658346414566,1.0,0.10316228308453072,-0.016777852151491635,1.2023273956590792,0.06426401514898046,0.1968852888933368,0.9024998346667837,4.387083596378597,0.0,0.0,6,0.0397
104,1,0.0556,0.08606682083196049,0.027218501228222468,1.2556615613838633,0.9817835385816553,0.18382767953141363,-0.04165676650304667,0.02394120741919587,0.002262057191379517,-0.002100597971400246,0.05630491730671426,1.184918372550162,-0.013720771472347827,-0.12906268602763432,-0.04849630024518639,1.238210315625611,0.45238972812556416,0.1451929360628128,0.7690535187721252,0.008048862218856812,0.01737343519926071,0.0005194563418626785,-0.060928016901016235,-0.004947536159306765,0.1451929360628128,0.7690535187721252,0.008048862218856812,0.01737343519926071,0.0005194563418626785,-0.060928016901016235,1.0,0.10436246372470426,-0.007044778742300176,1.202511387136725,0.06426401514898046,0.1968852888933368,0.9024998346667837,4.389490009019084,0.0,0.0,6,0.0394
105,0,0.0,0.08715390951254798,0.03704568817087617,1.2554544304572195,0.9823296309852536,0.18143139490817672,-0.03965720370883394,0.023204551795783217,0.0022626587426085604,-0.0020997765620495968,0.06824574587010537,1.178956226374255,-0.01160165544985163,-0.14164554492742895,-0.04710780600356735,1.2477341859556734,0.4709696649299231,0.14998899400234222,0.7655892968177795,0.0020505189895629883,0.018140535801649094,-0.00043804291635751724,-0.06045917421579361,-2.1880566691834247e-06,0.14998899400234222,0.7655892968177795,0.0020505189895629883,0.018140535801649094,-0.00043804291635751724,-0.06045917421579361,1.0,0.10548588148750056,0.00279605401524976,1.2023057654687883,0.06426401514898046,0.1968852888933368,0.9024998346667837,4.387682346318207,0.0,0.0,6,0.0384
106,0,0.0,0.08830211294463279,0.047064722349440764,1.254889919438182,0.9830533733710082,0.17807610220123146,-0.037476387252816934,0.02214694848447738,0.0022631473216382014,-0.0020990745942062617,0.08011712494283733,1.1731323259071098,-0.009112515565585162,-0.1549724342734876,-0.045435840480148905,1.2584673157673045,0.4916135948518804,0.15466217696666718,0.7723178267478943,-0.010830923914909363,0.012645329348742962,0.00012996140867471695,-0.05552845448255539,0.004496684297919273,0.15466217696666718,0.7723178267478943,-0.010830923914909363,0.012645329348742962,0.00012996140867471695,-0.05552845448255539,1.0,0.10661825955161254,0.01283040601383802,1.2017241438075432,0.06426401514898046,0.1968852888933368,0.9024998346667837,4.3888361832680935,0.0,0.0,6,0.0383
107,0,0.0,0.08947771148149929,0.05711750096823348,1.2541027902836135,0.9837730389878785,0.17465510341674076,-0.03517007356584276,0.02119595566173014,0.00226367095982794,-0.0020984033575994427,0.09201952437492256,1.1673318459039002,-0.006493330576265868,-0.16895569764882903,-0.04422112489961519,1.270239955313443,0.5123314407373306,0.17882384359836578,0.7736526131629944,-0.04922039061784744,0.008289306424558163,0.0021962281316518784,-0.0504993200302124,-0.006031809840351343,0.17882384359836578,0.7736526131629944,-0.04922039061784744,0.008289306424558163,0.0021962281316518784,-0.0504993200302124,1.0,0.10778978762900115,0.022887464477497187,1.2009312557794107,0.06426401514898046,0.1968852888933368,0.9024998346667837,4.390823838142225,0.0,0.0,6,0.0385
108,1,0.053,0.09075678178757597,0.06719009695228664,1.2529117094557327,0.9844322911041383,0.17146838341977347,-0.03272613385387116,0.020509945924936344,0.002264190326669366,-0.0020978350663287304,0.10401468305431898,1.1617302575958868,-0.003806405287438388,-0.1838178393434261,-0.04373266778328006,1.2835111487603246,0.5325457782274944,0.2079264223575592,0.7562417387962341,-0.03524889051914215,0.01725027710199356,0.015500809997320175,-0.03652186691761017,-0.0038463566452264786,0.2079264223575592,0.7562417387962341,-0.03524889051914215,0.01725027710199356,0.015500809997320175,-0.03652186691761017,1.0,0.10910065693987808,0.03294722282957865,1.1997579029206185,0.06426401514898046,0.1968852888933368,0.9024998346667837,4.392777507967147,0.0,0.0,6,0.0395
109,0,0.0,0.09214267545992878,0.07729618320461151,1.2513258930548925,0.9849964962335171,0.16877463356830527,-0.030087624363404935,0.019792936410363053,0.002264838787338056,-0.0020972633794796823,0.11590054352753908,1.156221036278802,-0.000878868354539515,-0.19965295953247442,-0.04350571696147387,1.2983258128118504,0.5517179690740547,0.2355761080980301,0.7610070109367371,-0.13842009007930756,0.00878219772130251,0.009066140279173851,-0.047062911093235016,-0.012872206047177315,0.2355761080980301,0.7610070109367371,-0.13842009007930756,0.00878219772130251,0.009066140279173851,-0.047062911093235016,1.0,0.11057094611165305,0.04306664843447035,1.1981907282448896,0.06426401514898046,0.1968852888933368,0.9024998346667837,4.394469368169608,0.0,0.0,6,0.0381
110,0,0.0,0.09375183986459325,0.0872867573862451,1.2490198788336586,0.9855342346925697,0.1661752552826475,-0.027266747625521476,0.01909401096165074,0.0022649323069290224,-0.002097210241772735,0.127494736952733,1.151126708848625,0.002201998000901312,-0.21686149311356095,-0.04363221233127378,1.3153721413682702,0.5705635518832077,0.21984824538230896,0.7760511636734009,-0.27887266874313354,0.0014499188400804996,-0.0081577617675066,-0.059629783034324646,-0.010246897116303444,0.21984824538230896,0.7760511636734009,-0.27887266874313354,0.0014499188400804996,-0.0081577617675066,-0.059629783034324646,1.0,0.11229103461522344,0.05307472013114325,1.1959109114927289,0.06426401514898046,0.1968852888933368,0.9024998346667837,4.3946044701770735,0.0,0.0,6,0.0384
111,0,0.0,0.09562265080529905,0.0972302753852875,1.2454406578912598,0.9861339344531225,0.16307210858892332,-0.024508951728006753,0.01861886155381897,0.002265242850471054,-0.002096894153969,0.13900089529654197,1.1470103037948125,0.005309752010683865,-0.23572012605763115,-0.044372572954382766,1.3349473555302775,0.5903662960660551,0.19664043188095093,0.7731634378433228,-0.3798489272594452,0.0014063827693462372,-0.007494982331991196,-0.05964715778827667,-0.03379738703370094,0.19664043188095093,0.7731634378433228,-0.3798489272594452,0.0014063827693462372,-0.007494982331991196,-0.05964715778827667,1.0,0.1142379872760258,0.06299102460499277,1.192374969061056,0.06426401514898046,0.1968852888933368,0.9024998346667837,4.3952798363505465,0.0,0.0,6,0.0382
112,1,0.054,0.09751382746037984,0.10724794787548067,1.2405450690521418,0.9867626901005662,0.1595970572578754,-0.022207017403791968,0.018303582112442433,0.002265997086159192,-0.002096212076883516,0.15053539505615413,1.1439123579163422,0.008574450633970224,-0.2559958143843748,-0.045713254572696004,1.3560428149720438,0.6109763586437291,0.040638528764247894,0.8521350622177124,-0.43727970123291016,-0.0010993550531566143,-0.0020172828808426857,-0.058011241257190704,-0.0008981990977190435,0.040638528764247894,0.8521350622177124,-0.43727970123291016,-0.0010993550531566143,-0.0020172828808426857,-0.058011241257190704,1.0,0.11613574095983319,0.07294312186603298,1.1875230026276073,0.06426401514898046,0.1968852888933368,0.9024998346667837,4.3979284708214825,0.0,0.0,6,0.0394
113,0,0.0,0.09860024293047254,0.11774195614017498,1.2347983357205297,0.9873270370505214,0.15622247685717042,-0.021545050096172857,0.01776711709875329,0.0022692342799014486,-0.0020931063268136408,0.16251187255599164,1.1411451321338035,0.012446897065318674,-0.27704238448198426,-0.04723623552125934,1.3748469649097255,0.6320572603387521,0.0544591099023819,0.8325250744819641,-0.499825119972229,-0.0006580259650945663,-0.0002629319205880165,-0.06382708251476288,-0.000595330900978297,0.0544591099023819,0.8325250744819641,-0.499825119972229,-0.0006580259650945663,-0.0002629319205880165,-0.06382708251476288,1.0,0.11706125723740457,0.08337095143791491,1.181759697650659,0.06426401514898046,0.1968852888933368,0.9024998346667837,4.401362382102598,0.0,0.0,6,0.0381
114,0,0.0,0.09916266831352066,0.12858299717203564,1.228584631274484,0.9878886185191174,0.15267338539632253,-0.021593724304220366,0.017338565762147533,0.0022718489459695713,-0.002090989330903104,0.17481672276743507,1.1387613985321376,0.01675636885988501,-0.29828147109160613,-0.049394624309772095,1.3929919859722362,0.654033345464359,0.07767882198095322,0.7727757692337036,-0.6017931699752808,-0.0008631828241050243,0.002200464718043804,-0.08887632936239243,0.004617053549736738,0.07767882198095322,0.7727757692337036,-0.6017931699752808,-0.0008631828241050243,0.002200464718043804,-0.08887632936239243,1.0,0.11737316088136245,0.0941158379565601,1.1755198246485339,0.06426401514898046,0.1968852888933368,0.9024998346667837,4.405271893592184,0.0,0.0,6,0.0382
115,0,0.0,0.09978741697606286,0.13913066646558442,1.2213762967461097,0.9885877557382843,0.14808634530348735,-0.02160082530631912,0.01726522183707203,0.002273008949100656,-0.0020903577978503168,0.1866811796243724,1.1374624555636097,0.02114945063024238,-0.3201463406684315,-0.05229661440720109,1.4129021404347701,0.6778495081110559,0.08275657147169113,0.6809272766113281,-0.6939595937728882,-0.0032325289212167263,0.0012707719579339027,-0.1277722269296646,0.0014160354621708393,0.08275657147169113,0.6809272766113281,-0.6939595937728882,-0.0032325289212167263,0.0012707719579339027,-0.1277722269296646,1.0,0.11768821112515146,0.10449498747002754,1.1683152244465989,0.06426401514898046,0.1968852888933368,0.9024998346667837,4.406090230746676,0.0,0.0,6,0.0388
116,1,0.0547,0.10052976442807281,0.14887532325908445,1.2129406870747987,0.9895340663970761,0.14156994690907995,-0.021720268503797685,0.01756449566451785,0.0022723797995031973,-0.0020914890387369457,0.19748952386957475,1.1373885018741074,0.025398143414265557,-0.342818839703161,-0.055750433235187594,1.4345400564367585,0.7046458837770225,0.19029386341571808,0.6009625792503357,-0.6673828363418579,-0.0002511017955839634,-0.008422885090112686,-0.1392877697944641,-0.01065038237720728,0.19029386341571808,0.6009625792503357,-0.6673828363418579,-0.0002511017955839634,-0.008422885090112686,-0.1392877697944641,1.0,0.11798198638400217,0.11396613836057085,1.1599104304286034,0.06426401514898046,0.1968852888933368,0.9024998346667837,4.406949411040183,0.0,0.0,6,0.0398
117,0,0.0,0.10187002119894402,0.1577124556910456,1.2039396724349338,0.9906690560716112,0.13352226119454957,-0.020531680054842835,0.01802989799755284,0.00227047520161669,-0.0020943186753253533,0.20695709800623227,1.138230248475181,0.0295003247736515,-0.3656288031760745,-0.0595859852379813,1.4599613524966706,0.7332328860007798,0.16285553574562073,0.5981501936912537,-0.6836968064308167,-0.0021708188578486443,-0.00010715238749980927,-0.14812268316745758,0.019361570477485657,0.16285553574562073,0.5981501936912537,-0.6836968064308167,-0.0021708188578486443,-0.00010715238749980927,-0.14812268316745758,1.0,0.11890027516469413,0.12248019224653474,1.1509877480721713,0.06426401514898046,0.1968852888933368,0.9024998346667837,4.410495505641637,0.0,0.0,6,0.0386
118,0,0.0,0.103341571670066,0.16596815213863012,1.1945054851432912,0.9918276723219941,0.12485291448548713,-0.018865071086341487,0.018268203352310636,0.0022692441969274914,-0.0020963591529427855,0.21535586123369302,1.1395716426407412,0.03386810124746049,-0.3886934539517407,-0.0633845893912212,1.4869130338853047,0.762284629079162,0.14305128157138824,0.5829969048500061,-0.7138983011245728,0.006923124194145203,0.005367333069443703,-0.15894104540348053,-0.005508647300302982,0.14305128157138824,0.5829969048500061,-0.7138983011245728,0.006923124194145203,0.005367333069443703,-0.15894104540348053,1.0,0.11995479685612691,0.1304280805797754,1.1416273769726566,0.06426401514898046,0.1968852888933368,0.9024998346667837,4.411791491287449,0.0,0.0,6,0.0389
119,0,0.0,0.10451094200699268,0.17397911759513593,1.1846567928169207,0.9929671974693917,0.11569195488439277,-0.01751789368034759,0.01801776139848802,0.002268395119144523,-0.0020981268679803977,0.22294609562214784,1.1412038548651144,0.03884739959081394,-0.4120471275089703,-0.066820231094272,1.5139018869312209,0.7919847616837499,0.09710980206727982,0.5530053973197937,-0.7291813492774963,0.01241705846041441,-0.002375488169491291,-0.1771514117717743,-0.027508726343512535,0.09710980206727982,0.5530053973197937,-0.7291813492774963,0.01241705846041441,-0.002375488169491291,-0.1771514117717743,1.0,0.12062635425485066,0.13816696884162355,1.1318080102700467,0.06426401514898046,0.1968852888933368,0.9024998346667837,4.414599041460932,0.0,0.0,6,0.0386
120,1,0.0533,0.10537888941138125,0.18167701100829795,1.174622228891616,0.9941076034144559,0.10573796239938338,-0.016412965534035408,0.017325435162521052,0.0022671695523614047,-0.002100314528154775,0.22965261599112508,1.1429549207552603,0.04448705284322957,-0.43543018657148064,-0.07006654532744783,1.5406696246111222,0.8228487271595812,0.1318986564874649,0.36568158864974976,-0.8051100373268127,0.012029199860990047,0.0031291255727410316,-0.15105988085269928,-0.004587591625750065,0.1318986564874649,0.36568158864974976,-0.8051100373268127,0.012029199860990047,0.0031291255727410316,-0.15105988085269928,1.0,0.12090502086763742,0.1456220929662824,1.121762080132713,0.06426401514898046,0.1968852888933368,0.9024998346667837,4.416073614950879,0.0,0.0,6,0.0392
121,0,0.0,0.10621740010613683,0.18822472019008912,1.164121964447395,0.9951392292332593,0.09576145543060766,-0.015456380133374744,0.01699289286783808,0.0022629088719643585,-0.0021056573647553647,0.23478010127580942,1.1451753551267376,0.05060972630446149,-0.4590927360544301,-0.0746888089968848,1.5678346583975196,0.8524198112721029,0.07318688184022903,0.3091188967227936,-0.795820415019989,0.0074566323310136795,-0.0010038521140813828,-0.13959474861621857,0.001589497784152627,0.07318688184022903,0.3091188967227936,-0.795820415019989,0.0074566323310136795,-0.0010038521140813828,-0.13959474861621857,1.0,0.12113584687817112,0.15190247616293348,1.1112723597628933,0.06426401514898046,0.1968852888933368,0.9024998346667837,4.420698197225401,0.0,0.0,6,0.0389
122,0,0.0,0.10691760970707531,0.19347613913962838,1.1532984604241316,0.9959848473676569,0.08661880606375472,-0.01489817995174195,0.017012068781872197,0.0022587856888590125,-0.002110871847810432,0.23796566723563142,1.1453019585153437,0.05765877555282206,-0.4870940076641999,-0.08082067509035443,1.5963288256188437,0.8792938737177551,0.04551015794277191,0.28398287296295166,-0.8186740875244141,0.003020455129444599,-0.0046398816630244255,-0.12514713406562805,0.0028829656075686216,0.04551015794277191,0.28398287296295166,-0.8186740875244141,0.003020455129444599,-0.0046398816630244255,-0.12514713406562805,1.0,0.12124666735341118,0.1568828504109913,1.1004743891102335,0.06426401514898046,0.1968852888933368,0.9024998346667837,4.426895271146051,0.0,0.0,6,0.0396
123,0,0.0,0.10734005210488082,0.19795695937195823,1.1424847867886467,0.9966739686996959,0.07832606477653631,-0.014589737843432775,0.017122127282497675,0.002255390354000849,-0.0021160329896470296,0.24117248192497082,1.1443109329712844,0.06103393752301686,-0.5168623736861022,-0.08384159982705525,1.6251091862674512,0.903117470327539,0.01930961012840271,0.2832370698451996,-0.8432645797729492,-3.648735582828522e-05,-0.01394088938832283,-0.11100655794143677,-0.002827163552865386,0.01930961012840271,0.2832370698451996,-0.8432645797729492,-3.648735582828522e-05,-0.01394088938832283,-0.11100655794143677,1.0,0.12110816156885014,0.1611120920472782,1.0896882120564486,0.06426401514898046,0.1968852888933368,0.9024998346667837,4.433029956486433,0.0,0.0,6,0.0383
124,1,0.0538,0.10758861303504798,0.20203268061074295,1.13155254395657,0.9972320489033183,0.07092412331322312,-0.0141558075305529,0.017251738622439047,0.0022527090180280056,-0.0021207911275998624,0.24425480574184583,1.1435711454768402,0.06322844101163393,-0.5464231357363023,-0.08602487685280864,1.6542536261167824,0.9245937017312705,-0.034564822912216187,0.24094092845916748,-0.8537664413452148,0.0015180734917521477,-0.004498074762523174,-0.07427304238080978,-0.005099540576338768,-0.034564822912216187,0.24094092845916748,-0.8537664413452148,0.0015180734917521477,-0.004498074762523174,-0.07427304238080978,1.0,0.12086926574174489,0.16496650825174086,1.0787869293813175,0.06426401514898046,0.1968852888933368,0.9024998346667837,4.433636415586127,0.0,0.0,6,0.0398
125,0,0.0,0.10737965836812947,0.20581298992186547,1.1204428981975565,0.9976334233747381,0.06496654534363905,-0.014177362196893018,0.01749008155640811,0.0022500546851867693,-0.0021254831179316337,0.24717843482291907,1.142925815293445,0.06511301827414828,-0.5759828443668679,-0.08808989952812113,1.6825153407438893,0.9428914687894869,-0.02870073914527893,0.19609782099723816,-0.8528352379798889,0.0019326498731970787,-0.003938136622309685,-0.06021665036678314,-0.00988673884421587,-0.02870073914527893,0.19609782099723816,-0.8528352379798889,0.0019326498731970787,-0.003938136622309685,-0.06021665036678314,1.0,0.12022927613223586,0.16855958415793826,1.0677028278285459,0.06426401514898046,0.1968852888933368,0.9024998346667837,4.4348932522888695,0.0,0.0,6,0.0384
126,0,0.0,0.10690331515487307,0.20911798801759104,1.1093124757217097,0.9979144876489876,0.06037147443828539,-0.014311044797100268,0.01780882958593529,0.0022468296892490477,-0.0021308000209221845,0.24964119918731337,1.142385472210689,0.06682972718078739,-0.6053174796724967,-0.09026247201292086,1.7105285006467377,0.9580973948604113,-0.007379278540611267,0.16678854823112488,-0.8692119717597961,0.003251112997531891,-0.004808930680155754,-0.04520629346370697,-0.003993274178355932,-0.007379278540611267,0.16678854823112488,-0.8692119717597961,0.003251112997531891,-0.004808930680155754,-0.04520629346370697,1.0,0.11940548968951342,0.1717082112906368,1.056600104305749,0.06426401514898046,0.1968852888933368,0.9024998346667837,4.434477001405958,0.0,0.0,6,0.0384
127,0,0.0,0.1064562776843644,0.21192933155374533,1.0980396040176663,0.9981286755949341,0.05673706907049231,-0.013970065529888338,0.018024683561208177,0.0022436043502834517,-0.0021360594569397396,0.2514926313655903,1.1423225638930328,0.0684485564641911,-0.6343589242146113,-0.09252018883327949,1.7397536692073685,0.9708581534331119,0.012646988034248352,0.06383290141820908,-0.866063117980957,0.0016910932026803493,0.002195327542722225,-0.036926593631505966,0.006806875579059124,0.012646988034248352,0.06383290141820908,-0.866063117980957,0.0016910932026803493,0.002195327542722225,-0.036926593631505966,1.0,0.11872971678823722,0.17440320582584662,1.0453561936599989,0.06426401514898046,0.1968852888933368,0.9024998346667837,4.433581842425546,0.0,0.0,6,0.0378
128,1,0.0534,0.1060341904859078,0.21387118416124656,1.086512446389234,0.9982952543423829,0.05376785273107598,-0.013375891540542573,0.018349078877717417,0.002239005981112571,-0.002142532520145139,0.2524436535829257,1.1427777168091637,0.06968529733295328,-0.6631777530300339,-0.09497945846530617,1.7697146803335666,0.9814130445696356,-0.19472086429595947,0.1930607557296753,-0.8356156349182129,0.0173354372382164,-0.025076337158679962,-0.05596824735403061,-0.0002889338065870106,-0.19472086429595947,0.1930607557296753,-0.8356156349182129,0.0173354372382164,-0.025076337158679962,-0.05596824735403061,1.0,0.11815619958860644,0.17624392583504062,1.0338671049472687,0.06426401514898046,0.1968852888933368,0.9024998346667837,4.4330294230546405,0.0,0.0,6,0.0398
129,0,0.0,0.10490160034907588,0.21591629413082403,1.0754617797695818,0.9984522857099611,0.05081701047396936,-0.013656168660365845,0.01800482336934056,0.0022380336211742223,-0.002144998213184995,0.25311645232006874,1.142434363183226,0.07171529569514697,-0.6918427398242354,-0.09633926324630711,1.7972311813997315,0.9918654632736138,-0.18396469950675964,0.08456775546073914,-0.8130797147750854,0.016235660761594772,-0.02229418233036995,-0.05300460010766983,-0.013364292681217194,-0.18396469950675964,0.08456775546073914,-0.8130797147750854,0.016235660761594772,-0.02229418233036995,-0.05300460010766983,1.0,0.11677829340453456,0.17824881486786354,1.0227860294313758,0.06426401514898046,0.1968852888933368,0.9024998346667837,4.428438351498087,0.0,0.0,6,0.0382
130,0,0.0,0.10324646733675621,0.2179105292774001,1.065209545513199,0.9986155704826817,0.047454283380997,-0.014382441674152154,0.01755502064460772,0.002234385068827065,-0.0021499699054618408,0.25358247848022236,1.1410252908089182,0.07403007856338728,-0.7203767656482338,-0.09767234651074265,1.8228001256718844,1.0030372749486225,-0.12016555666923523,0.14521841704845428,-0.7689685821533203,0.003422633744776249,-0.020043417811393738,-0.04828453063964844,-0.007109448313713074,-0.12016555666923523,0.14521841704845428,-0.7689685821533203,0.003422633744776249,-0.020043417811393738,-0.04828453063964844,1.0,0.11479587835030779,0.18020826083550745,1.0124856328659855,0.06426401514898046,0.1968852888933368,0.9024998346667837,4.429722612873597,0.0,0.0,6,0.038
131,0,0.0,0.101750977619735,0.2196382296209593,1.0553152952351283,0.9987723417240759,0.044231769858770635,-0.01420715279893839,0.01719060067345399,0.002232007357967656,-0.0021537506418233972,0.25381172226763293,1.139612821107459,0.07629943361037417,-0.748483975249886,-0.09969370537060647,1.849754713801602,1.0138670533038638,-0.058907508850097656,0.10731108486652374,-0.7113741636276245,-0.0008201035670936108,-0.018883591517806053,-0.05706124007701874,-0.0020610650535672903,-0.058907508850097656,0.10731108486652374,-0.7113741636276245,-0.0008201035670936108,-0.018883591517806053,-0.05706124007701874,1.0,0.11307729745572957,0.1818930662022211,1.0025718932780312,0.06426401514898046,0.1968852888933368,0.9024998346667837,4.429481090689114,0.0,0.0,6,0.0377
132,1,0.0536,0.10053223651832588,0.2211653121730432,1.045639958659186,0.99893620669031,0.04090721103326811,-0.012877735068964502,0.01694753634443774,0.0022288865443543535,-0.0021581157003360356,0.2539008182451974,1.1385941091312801,0.07837668237830292,-0.7758261543761228,-0.10257143002625425,1.8784704167024904,1.0250636100621033,-0.15515053272247314,0.16654039919376373,-0.4626580476760864,-0.0011476455256342888,0.015381572768092155,-0.04440397769212723,-0.00874896440654993,-0.15515053272247314,0.16654039919376373,-0.4626580476760864,-0.0011476455256342888,0.015381572768092155,-0.04440397769212723,1.0,0.11175282282059991,0.1833751645428459,0.9929049273506386,0.06426401514898046,0.1968852888933368,0.9024998346667837,4.428058830396078,0.0,0.0,6,0.0392
133,0,0.0,0.0986107444155861,0.2228460516630303,1.037310787951045,0.9990673408365901,0.037796036550207524,-0.012578172335603783,0.016664263424897366,0.0022273850300438716,-0.002160389651515542,0.25406378901591814,1.135808831458399,0.08106887328796429,-0.802385389576948,-0.10523329994369009,1.9024085437179274,1.0359847076014612,-0.14706143736839294,0.09160272777080536,-0.490098237991333,0.0012665516696870327,0.0018178382888436317,-0.05257686972618103,-0.03678469359874725,-0.14706143736839294,0.09160272777080536,-0.490098237991333,0.0012665516696870327,0.0018178382888436317,-0.05257686972618103,1.0,0.10963616257003943,0.18502287569449713,0.9845552820126726,0.06426401514898046,0.1968852888933368,0.9024998346667837,4.427187998397792,0.0,0.0,6,0.0382
134,0,0.0,0.09636795725211747,0.22442086370107422,1.0304523276448838,0.9991804399144883,0.03470226027140261,-0.012736969538873287,0.01649155030038031,0.0022241190531485104,-0.002164316099375218,0.2541031129993553,1.131566661446011,0.08386102325992571,-0.8279358948229232,-0.1079760102403658,1.9231170567857765,1.0468666455719933,-0.1432693898677826,0.03487516939640045,-0.5019114017486572,0.012098104692995548,0.0014220774173736572,-0.06430566310882568,0.04573201388120651,-0.1432693898677826,0.03487516939640045,-0.5019114017486572,0.012098104692995548,0.0014220774173736572,-0.06430566310882568,1.0,0.10714515958046085,0.18654410130504595,0.977683204549873,0.06426401514898046,0.1968852888933368,0.9024998346667837,4.426394838104591,0.0,0.0,6,0.038
135,0,0.0,0.09422502025953497,0.2254852889358623,1.0238134147351898,0.9993060871832418,0.03102341690067062,-0.01268815538912889,0.016245074181031202,0.0022207831804329486,-0.0021681469320102022,0.2536404046923926,1.1274395950097582,0.08622807090970311,-0.8529158557704487,-0.11029168464953286,1.9438139390214757,1.0581497801109718,-0.14260229468345642,0.024119913578033447,-0.4823414087295532,0.0125854117795825,-0.002195737324655056,-0.07651582360267639,-0.033401329070329666,-0.14260229468345642,0.024119913578033447,-0.4823414087295532,0.0125854117795825,-0.002195737324655056,-0.07651582360267639,1.0,0.10473352393334397,0.18755117869032042,0.9710302258416182,0.06426401514898046,0.1968852888933368,0.9024998346667837,4.4243088919256985,0.0,0.0,6,0.0384
136,1,0.0534,0.09214346410509648,0.22613719405342697,1.0172932034429245,0.9994432285825199,0.02664225181880825,-0.012533958597477114,0.015694685101895266,0.0022177489785237207,-0.002171599208732722,0.25267855877844536,1.1234919123137888,0.08827369520485563,-0.8773876169589966,-0.11181615508796805,1.9645951115178268,1.0699222014372778,-0.1346520185470581,0.03188364952802658,-0.35830166935920715,0.008632492274045944,0.0036603454500436783,-0.04473976045846939,-0.010535676032304764,-0.1346520185470581,0.03188364952802658,-0.35830166935920715,0.008632492274045944,0.0036603454500436783,-0.04473976045846939,1.0,0.10234040425372123,0.18816648110571066,0.9644739384893193,0.06426401514898046,0.1968852888933368,0.9024998346667837,4.4225681646676795,0.0,0.0,6,0.0391
137,0,0.0,0.09003903524728388,0.2266723758962405,1.0115264189583248,0.9995507914238255,0.022790149511652202,-0.012355176281121469,0.015039084689626019,0.002215502652520764,-0.0021742913620219463,0.2515456298567559,1.1188924877901667,0.09036855810309322,-0.9011084233780535,-0.11320372793912041,1.9840857680928778,1.0802227091131154,-0.1480642855167389,0.009426206350326538,-0.37162289023399353,0.010725784115493298,0.0013717589899897575,-0.05329320579767227,-0.001878257724456489,-0.1480642855167389,0.009426206350326538,-0.37162289023399353,0.010725784115493298,0.0013717589899897575,-0.05329320579767227,1.0,0.0999650272950197,0.18869169847460793,0.9586608923146834,0.06426401514898046,0.1968852888933368,0.9024998346667837,4.423951730703468,0.0,0.0,6,0.0389
138,0,0.0,0.08789327989615195,0.22704153908397884,1.006410567131948,0.999631067326828,0.019499340106197083,-0.012243959044796955,0.01440799907542791,0.0022128809347136975,-0.0021771303054867607,0.2502489085926325,1.1138075863884596,0.09239737560781904,-0.9241744007178792,-0.11452796422804351,2.002319360661287,1.089269505621927,-0.1615244448184967,0.006744012236595154,-0.3604484796524048,0.01024149265140295,0.00010842457413673401,-0.0533159002661705,-0.0032140568364411592,-0.1615244448184967,0.006744012236595154,-0.3604484796524048,0.01024149265140295,0.00010842457413673401,-0.0533159002661705,1.0,0.09758446664778389,0.18905938332795935,0.953501352215026,0.06426401514898046,0.1968852888933368,0.9024998346667837,4.420964390008234,0.0,0.0,6,0.0381
139,0,0.0,0.08568422426771546,0.22722205914533386,1.0014851713694841,0.9997006942648313,0.016136279255247132,-0.012218899477749814,0.013741938500919721,0.0022105897899248926,-0.002179531086925276,0.24879318584097745,1.1086907436120448,0.0942771737554329,-0.9468448858215877,-0.11560122441207789,2.0200056159711264,1.098110738331606,-0.11826679110527039,0.017302900552749634,-0.3008834421634674,0.004782709293067455,0.00346506480127573,-0.04944106936454773,-0.004395940341055393,-0.11826679110527039,0.017302900552749634,-0.3008834421634674,0.004782709293067455,0.00346506480127573,-0.04944106936454773,1.0,0.09512532271416714,0.18924216091082396,0.948527684925412,0.06426401514898046,0.1968852888933368,0.9024998346667837,4.420013323076454,0.0,0.0,6,0.0379
140,1,0.0548,0.08358906944208357,0.22732261320594585,0.9969282667464919,0.9997610959092226,0.012883372866314635,-0.011890675739631856,0.013053031848261048,0.0022085889217564308,-0.002181680325574499,0.24730367250815202,1.1035741507672654,0.09602455904020261,-0.9687257640007157,-0.11674268273797211,2.0375560662938055,1.1066087949443872,-0.22648876905441284,-0.017733395099639893,-0.4131714701652527,0.00014957133680582047,-0.011892183683812618,-0.03810834139585495,-0.00303081376478076,-0.22648876905441284,-0.017733395099639893,-0.4131714701652527,0.00014957133680582047,-0.011892183683812618,-0.03810834139585495,1.0,0.09281900354461056,0.18935160757759842,0.9439256274372141,0.06426401514898046,0.1968852888933368,0.9024998346667837,4.419375014306617,0.0,0.0,6,0.0415
141,0,0.0,0.08123971990665821,0.22720782672335935,0.9921742692591401,0.9997963091480607,0.010081205081881983,-0.011890083051430318,0.012819338635071271,0.0022062397935944072,-0.0021839038480183466,0.2458938555197317,1.0986773809468957,0.09752981224020098,-0.9906920209163337,-0.1184894291347375,2.0544141930970508,1.1144634166581653,-0.21931210160255432,-0.00538519024848938,-0.37586188316345215,-0.0005452358163893223,-0.011481402441859245,-0.03761744126677513,0.0002622900065034628,-0.21931210160255432,-0.00538519024848938,-0.37586188316345215,-0.0005452358163893223,-0.011481402441859245,-0.03761744126677513,1.0,0.09026266262077959,0.18920876598633268,0.9391552103017339,0.06426401514898046,0.1968852888933368,0.9024998346667837,4.418827256567226,0.0,0.0,6,0.0375
142,0,0.0,0.07866415480355599,0.2270424904595136,0.9873068599572332,0.9998158516578475,0.007658203909577166,-0.011994415825434195,0.012874341753184542,0.0022046974538025856,-0.002185517359444957,0.24462407615973356,1.0937518197800613,0.09893502826804423,-1.0129459833029,-0.12072404883752512,2.0712347922047765,1.1220046343136325,-0.20712634921073914,-0.0060570091009140015,-0.34511637687683105,-0.00020101619884371758,-0.004613043274730444,-0.03289925307035446,0.0020363961812108755,-0.20712634921073914,-0.0060570091009140015,-0.34511637687683105,-0.00020101619884371758,-0.004613043274730444,-0.03289925307035446,1.0,0.08749355296864167,0.1889917172956133,0.9342902531204266,0.06426401514898046,0.1968852888933368,0.9024998346667837,4.419434149778218,0.0,0.0,6,0.0379
143,0,0.0,0.07601556377223675,0.22695116661473638,0.9826794233243037,0.9998299282146413,0.005438202391642721,-0.011991088100440712,0.012913342217210105,0.002203186780885637,-0.0021870743214338945,0.24344461679422333,1.088623902132336,0.1003568933329817,-1.0350748444849869,-0.12304807615220502,2.087920836352966,1.1293224010382157,-0.17024174332618713,-0.003870457410812378,-0.3008241653442383,-0.001049127895385027,-0.0035481341183185577,-0.03127814829349518,0.0020738053135573864,-0.17024174332618713,-0.003870457410812378,-0.3008241653442383,-0.001049127895385027,-0.0035481341183185577,-0.03127814829349518,1.0,0.08467892636141552,0.18885564522242504,0.9296654239103049,0.06426401514898046,0.1968852888933368,0.9024998346667837,4.418639944055632,0.0,0.0,6,0.0381
144,1,0.0538,0.07346954700804058,0.2268614397426899,0.978382731180998,0.99984335815995,0.003382214879483758,-0.011671698344659354,0.012868225351392657,0.002201595440660819,-0.0021887246434957233,0.24228035819446728,1.0834456403209594,0.10169170682244728,-1.056627063188485,-0.12538845367679755,2.1046720630736395,1.1363082826948503,-0.3184736371040344,-0.019862040877342224,-0.35159802436828613,-0.003935635555535555,-0.0015770252794027328,-0.04546261206269264,-0.0016543203964829445,-0.3184736371040344,-0.019862040877342224,-0.35159802436828613,-0.003935635555535555,-0.0015770252794027328,-0.04546261206269264,1.0,0.08201136362473672,0.18873380401568698,0.9253700558944846,0.06426401514898046,0.1968852888933368,0.9024998346667837,4.417687747979991,0.0,0.0,6,0.0399
145,0,0.0,0.0703380153622016,0.22661734235419817,0.9741082491720552,0.9998361053691251,0.0010360010513710827,-0.01238888866405605,0.013160719577208395,0.0021995391717141836,-0.0021903557444117915,0.2411629497032468,1.0776674652799663,0.10295575641958393,-1.0788541345150704,-0.1275613942128416,2.1191306785461936,1.1439550432250793,-0.2730600833892822,4.573166370391846e-05,-0.33415037393569946,-0.000550487544387579,-0.0010250164195895195,-0.04749636724591255,-0.010331621393561363,-0.2730600833892822,4.573166370391846e-05,-0.33415037393569946,-0.000550487544387579,-0.0010250164195895195,-0.04749636724591255,1.0,0.07863367333501788,0.18842232209357562,0.9211038028553232,0.06426401514898046,0.1968852888933368,0.9024998346667837,4.41499702107604,0.0,0.0,6,0.0397
146,0,0.0,0.06695048908990682,0.2264773383246354,0.9699419224400418,0.9998204068723242,-0.0017276081985853065,-0.01327984623162443,0.01340951362412878,0.0021984627760428905,-0.002191379357122225,0.24016001961566694,1.071569726470738,0.10427093417845215,-1.101442375914905,-0.12954786686788133,2.1335221140009915,1.1525319088309558,-0.2547149956226349,0.00010547041893005371,-0.3072495460510254,-0.0010399329476058483,-0.0017270119860768318,-0.04626549035310745,0.0030568684451282024,-0.2547149956226349,0.00010547041893005371,-0.3072495460510254,-0.0010399329476058483,-0.0017270119860768318,-0.04626549035310745,1.0,0.07494043438016249,0.18820468187849196,0.9169438094484539,0.06426401514898046,0.1968852888933368,0.9024998346667837,4.416644822824843,0.0,0.0,6,0.0402
147,0,0.0,0.06367698872966104,0.22643666808506277,0.9659173250686823,0.9998049579346661,-0.00461130031200091,-0.01368412632826206,0.013473183934147752,0.0021970627864261755,-0.0021927283606196202,0.23923499317617103,1.0655889697379544,0.10553544520079289,-1.123739884207681,-0.13152967596789444,2.148744540417093,1.1614063996166775,-0.23435238003730774,-0.005313411355018616,-0.2809026837348938,-0.0021037322003394365,-0.0022623836994171143,-0.045937757939100266,0.006160475313663483,-0.23435238003730774,-0.005313411355018616,-0.2809026837348938,-0.0021037322003394365,-0.0022623836994171143,-0.045937757939100266,1.0,0.07140610018035219,0.18810892828962225,0.9129180714508491,0.06426401514898046,0.1968852888933368,0.9024998346667837,4.415557012880224,0.0,0.0,6,0.0447
148,1,0.0538,0.06061416618095072,0.22667235150866474,0.9624506651407142,0.9997925535096552,-0.007459300000892732,-0.01351791564401326,0.01328437980411459,0.0020526685432021878,-0.0028890007641184626,0.23848699770114537,1.0593705292223787,0.10696596819213554,-1.1452564287910554,-0.13354089181738735,2.164216593911418,1.1704457343392463,-0.2700067460536957,-0.026908963918685913,-0.3120923638343811,-0.0054100677371025085,-0.005814561154693365,-0.03659175708889961,0.0069557009264826775,-0.2700067460536957,-0.026908963918685913,-0.3120923638343811,-0.0054100677371025085,-0.005814561154693365,-0.03659175708889961,1.0,0.06942357530375112,0.18785640595589093,0.9107907740603751,0.06423487668126582,0.1968120102963648,0.9023535751606176,1.7979732660076866,0.0,0.0,5,0.0502
149,0,0.0,0.05755160969154327,0.2271630907618762,0.9594156773256877,0.9997761292441627,-0.010021990132489667,-0.013184746477533961,0.013168658537075703,0.0018866457787618425,-0.0037443757381434117,0.2380282435131549,1.0529469442213635,0.1085248044641454,-1.1661980533823642,-0.13601801154341508,2.179062101875233,1.1794913736633807,-0.25168371200561523,-0.02148289978504181,-0.2993949055671692,-0.005606898106634617,-0.0031119361519813538,-0.0376763716340065,-0.009010259993374348,-0.25168371200561523,-0.02148289978504181,-0.2993949055671692,-0.005606898106634617,-0.0031119361519813538,-0.0376763716340065,1.0,0.06741261002662921,0.1867547528570403,0.9099363543971868,0.06420731353087719,0.19673436493363625,0.9024545141923637,3.0733542078638187,0.0,0.0,5,0.0499
